205.69,194.09,8.7206,-0.74647,0.14511,0.64941,0.0062462,0.54826
203.47,194.57,10.684,-0.69277,0.21464,0.68848,0.0050945,0.71433
201.55,195.37,12.833,-0.62616,0.29245,0.72277,0.0043404,0.68544
199.72,196.32,15.013,-0.65091,0.2891,0.70196,0.0037305,0.63594
197.65,197.11,17.036,-0.70677,0.24254,0.66457,0.0035258,0.55717
195.49,197.78,18.997,-0.71916,0.21481,0.6608,0.0036346,0.27298
193.34,198.39,21,-0.73217,0.19025,0.65401,0.0040544,0.4811
191.1,198.92,22.919,-0.7676,0.20276,0.60801,0.0040444,0.46691
188.74,199.61,24.643,-0.79242,0.2429,0.55952,0.0043555,0.39955
186.34,200.37,26.274,-0.81237,0.21671,0.54137,0.0047114,0.37252
183.88,200.91,27.886,-0.83736,0.11938,0.53346,0.0047681,0.45034
181.33,201.09,29.467,-0.8148,0.14579,0.56111,0.0049323,0.59616
179.02,201.77,31.23,-0.7379,0.33153,0.58787,0.0050387,0.58327
176.94,203.06,32.965,-0.67868,0.47188,0.56279,0.004972,0.64654
174.95,204.6,34.601,-0.68406,0.5075,0.52393,0.0052782,0.58915
172.84,206.11,36.107,-0.7158,0.49378,0.49378,0.0055412,0.59751
170.66,207.56,37.563,-0.70207,0.49743,0.50957,0.0057775,0.59893
168.63,209.09,39.16,-0.60423,0.51578,0.60735,0.0053214,0.52864
167.06,210.64,41.18,-0.48035,0.48742,0.72917,0.0052042,0.52428
165.76,212,43.516,-0.46542,0.42312,0.7774,0.005083,0.57432
164.27,213.17,45.838,-0.50361,0.37473,0.77843,0.0047422,0.54091
162.74,214.25,48.185,-0.48576,0.35126,0.80041,0.0049352,0.55618
161.36,215.28,50.637,-0.49037,0.37281,0.78775,0.0050342,0.54316
159.81,216.48,52.902,-0.54779,0.44125,0.71079,0.0051397,0.46864
158.08,217.92,54.889,-0.59873,0.47206,0.64706,0.005174,0.54844
156.22,219.31,56.782,-0.64392,0.40959,0.64623,0.0049737,0.64456
154.23,220.37,58.755,-0.69819,0.2813,0.65834,0.0046684,0.51405
152.05,220.99,60.714,-0.7443,0.18207,0.64255,0.004316,0.42422
149.77,221.46,62.607,-0.75214,0.16741,0.63738,0.0039985,0.46585
147.54,221.99,64.537,-0.7101,0.16803,0.68376,0.0035778,0.40185
145.52,222.46,66.698,-0.61949,0.10424,0.77805,0.0034431,0.55273
143.84,222.61,69.174,-0.50573,-0.028079,0.86223,0.0033831,0.44516
142.5,222.3,71.837,-0.45502,-0.10349,0.88445,0.0037473,0.26481
141.12,221.99,74.478,-0.49977,-0.1043,0.85986,0.003883,0.40392
139.51,221.67,76.99,-0.5515,-0.097349,0.82847,0.0045405,0.48796
137.81,221.41,79.445,-0.58821,-0.03763,0.80783,0.0049315,0.57237
135.99,221.45,81.827,-0.61372,0.014159,0.7894,0.0046504,0.61504
134.13,221.49,84.177,-0.65512,0.040073,0.75446,0.0049353,0.65088
132.06,221.69,86.345,-0.68381,0.075101,0.72578,0.0051007,0.61139
130.03,221.94,88.531,-0.66513,0.088379,0.74148,0.0050127,0.66034
128.08,222.22,90.792,-0.67288,0.12451,0.7292,0.004969,0.58005
126,222.69,92.899,-0.72013,0.19293,0.66647,0.0049761,0.57933
123.76,223.37,94.782,-0.75201,0.18964,0.63129,0.0053243,0.58728
121.49,223.83,96.682,-0.75333,0.10422,0.64933,0.0049814,0.56806
119.25,223.99,98.67,-0.74665,0.0095781,0.66515,0.005192,0.49627
117.02,223.88,100.67,-0.74243,-0.057225,0.66748,0.0050803,0.43398
114.8,223.65,102.67,-0.74224,-0.0712,0.66635,0.0045935,0.39125
112.57,223.46,104.66,-0.77179,-0.041378,0.63453,0.0040116,0.44662
110.18,223.4,106.47,-0.78496,-0.051203,0.61743,0.0040006,0.32754
107.86,223.15,108.36,-0.75469,-0.10078,0.64829,0.0040875,0.23181
105.65,222.8,110.36,-0.72134,-0.11024,0.68375,0.0040499,0.30189
103.54,222.49,112.46,-0.70568,-0.084356,0.70349,0.0042012,0.38723
101.42,222.29,114.58,-0.7071,-0.0043845,0.7071,0.0044371,0.43868
99.304,222.46,116.7,-0.70526,0.072175,0.70526,0.0049317,0.4348
97.191,222.73,118.81,-0.71171,0.10238,0.69497,0.005048,0.46594
95.035,223.08,120.86,-0.75027,0.13099,0.64802,0.0055802,0.53203
92.698,223.51,122.69,-0.79362,0.1912,0.57759,0.005935,0.46186
90.284,224.22,124.32,-0.78245,0.21025,0.58615,0.0059396,0.64181
88.016,224.77,126.2,-0.70928,0.13819,0.69125,0.0058558,0.66035
86.053,225.05,128.45,-0.62425,0.10292,0.77441,0.0056287,0.71884
84.275,225.39,130.84,-0.54682,0.12789,0.82742,0.0056314,0.79821
82.781,225.81,133.4,-0.42063,0.10298,0.90137,0.0055884,0.78882
81.768,226,136.21,-0.34712,0.031562,0.93729,0.0058276,0.83067
80.702,226,139.01,-0.44861,0.030027,0.89323,0.0055496,0.81519
79.095,226.18,141.53,-0.58539,0.11123,0.80308,0.0052116,0.82518
77.207,226.66,143.81,-0.68494,0.19662,0.70156,0.0053368,0.82303
75.005,227.35,145.72,-0.7619,0.20508,0.61437,0.0052166,0.83116
72.642,227.89,147.49,-0.76397,0.231,0.60248,0.0056602,0.82956
70.441,228.73,149.32,-0.64554,0.40895,0.64502,0.005156,0.81105
68.835,230.31,151.29,-0.52309,0.56638,0.63686,0.0054301,0.77136
67.311,232.12,153.13,-0.54206,0.56898,0.61841,0.005053,0.68702
65.589,233.71,155,-0.50833,0.49423,0.70522,0.004964,0.7498
64.291,235.06,157.31,-0.34325,0.39334,0.85292,0.0049588,0.78496
63.562,236.04,160.04,-0.38157,0.22343,0.89693,0.0044581,0.86097
62.043,236.37,162.6,-0.56084,0.094331,0.82253,0.0046125,0.78901
60.209,236.6,164.96,-0.61551,0.15405,0.77292,0.004474,0.78907
58.365,237.29,167.21,-0.65985,0.25728,0.70598,0.0045072,0.76807
56.266,238.14,169.17,-0.73068,0.30667,0.60997,0.0046552,0.76023
53.993,239.13,170.86,-0.74846,0.38635,0.53902,0.0048801,0.72061
51.786,240.45,172.4,-0.74998,0.47099,0.46443,0.0050534,0.75279
49.503,241.95,173.64,-0.72502,0.53101,0.4386,0.0053224,0.74615
47.448,243.63,175.02,-0.59519,0.58781,0.54793,0.0055777,0.79579
45.974,245.43,176.89,-0.38244,0.58069,0.71871,0.0055014,0.82935
45.192,247.06,179.27,-0.2284,0.48482,0.84426,0.005083,0.82591
44.612,248.32,181.92,-0.25489,0.4045,0.8783,0.0050256,0.79859
43.67,249.47,184.52,-0.3942,0.41084,0.82208,0.0048824,0.82464
42.262,250.77,186.82,-0.48953,0.46547,0.73736,0.0046008,0.73457
40.738,252.26,188.93,-0.50469,0.50546,0.69986,0.0047207,0.67496
39.234,253.8,191.02,-0.49015,0.57645,0.6538,0.0044794,0.41785
37.809,255.71,192.84,-0.48014,0.69323,0.53749,0.0042178,0.20206
36.37,257.94,194.23,-0.53403,0.72505,0.43487,0.0040189,0.40707
34.616,260.04,195.44,-0.61169,0.67051,0.41983,0.0032392,0.38988
32.706,261.95,196.74,-0.63356,0.62555,0.45528,0.0025005,0.53959
30.816,263.79,198.17,-0.62973,0.61284,0.47737,0.0021334,0.44208
