365.91,90.854,233.09,-0.47993,0.56533,0.67087,0.0066083,0.3659
364.46,92.561,235.08,-0.50818,0.58916,0.62821,0.0063275,0.43455
362.87,94.379,236.84,-0.62082,0.61404,0.48738,0.0069147,0.54319
360.79,96.196,237.97,-0.82331,0.44427,0.35325,0.007204,0.59666
358.08,96.972,238.9,-0.9026,0.16936,0.39577,0.0066634,0.61086
355.44,97.193,240.31,-0.87239,0.17662,0.45578,0.0063644,0.63051
352.89,98.02,241.62,-0.82591,0.40158,0.39573,0.0057607,0.61851
350.55,99.577,242.66,-0.76225,0.51623,0.3905,0.0053943,0.52947
348.32,101.11,243.95,-0.74911,0.45224,0.48406,0.005084,0.54984
346.08,102.28,245.55,-0.75374,0.32555,0.57088,0.0050125,0.60023
343.82,103.06,247.37,-0.76718,0.23144,0.59822,0.0051654,0.6062
341.48,103.67,249.14,-0.79979,0.17066,0.57551,0.0057143,0.48919
339.03,104.08,250.81,-0.80467,0.16845,0.56932,0.006,0.30246
336.66,104.67,252.55,-0.75804,0.27527,0.59127,0.0060331,0.34518
334.5,105.72,254.34,-0.69571,0.38887,0.60397,0.0062069,0.31945
332.49,107,256.16,-0.67115,0.43236,0.60218,0.0063999,0.33085
330.47,108.32,257.96,-0.69507,0.40601,0.59333,0.0062172,0.50162
328.32,109.44,259.72,-0.76861,0.38468,0.51113,0.0064381,0.38852
325.89,110.61,261.01,-0.83093,0.4379,0.34321,0.0065758,0.42675
323.37,112.05,261.76,-0.83399,0.50093,0.23136,0.0066712,0.46953
320.89,113.61,262.39,-0.82849,0.49936,0.25348,0.0064723,0.39074
318.41,115.04,263.28,-0.82021,0.44238,0.36271,0.0062378,0.33621
315.99,116.26,264.56,-0.80759,0.38564,0.44618,0.0061811,0.38844
313.57,117.35,265.96,-0.81619,0.3372,0.46917,0.0063076,0.42743
311.1,118.28,267.37,-0.87205,0.25069,0.42033,0.0060138,0.3605
308.37,118.84,268.46,-0.95159,0.15408,0.26598,0.005872,0.54384
305.44,119.19,268.96,-0.9693,0.1994,0.14389,0.0058722,0.61414
302.59,120.03,269.32,-0.90918,0.37005,0.19093,0.0058049,0.58638
300.04,121.39,270.09,-0.82041,0.48364,0.305,0.005458,0.46516
297.69,122.92,271.15,-0.75875,0.53869,0.3662,0.005537,0.38345
295.49,124.62,272.28,-0.72863,0.56802,0.38269,0.0057637,0.42798
293.31,126.33,273.44,-0.71289,0.57467,0.40191,0.0059864,0.5125
291.21,128.07,274.69,-0.66824,0.59806,0.44248,0.0056982,0.53906
289.31,129.91,276.09,-0.5613,0.674,0.48028,0.0056769,0.63722
287.87,132.09,277.56,-0.42612,0.74769,0.5093,0.0058992,0.6203
286.76,134.39,279.14,-0.33149,0.78114,0.52909,0.0060316,0.71635
285.88,136.77,280.73,-0.32951,0.75551,0.56623,0.0060206,0.73853
284.79,138.9,282.52,-0.44001,0.69511,0.56852,0.0061446,0.74445
283.25,140.92,284.12,-0.54372,0.66727,0.50903,0.0057579,0.65975
281.54,142.9,285.57,-0.54329,0.66955,0.50649,0.0066967,0.34976
280,144.93,287.16,-0.47047,0.64237,0.605,0.0062647,0.42637
278.73,146.74,289.18,-0.41598,0.5736,0.70565,0.0061046,0.28906
277.51,148.36,291.38,-0.44408,0.49584,0.74628,0.0062242,0.34615
276.07,149.7,293.65,-0.50862,0.40412,0.76026,0.0065605,0.49132
274.46,150.78,295.94,-0.53829,0.33333,0.77404,0.0065442,0.5775
272.84,151.7,298.29,-0.51845,0.29958,0.80091,0.0065076,0.49672
271.35,152.58,300.74,-0.50078,0.27727,0.81997,0.006508,0.42257
269.84,153.36,303.21,-0.54295,0.22154,0.81001,0.0065437,0.46019
268.1,153.91,305.59,-0.59458,0.17307,0.78519,0.0065914,0.54147
266.27,154.4,307.92,-0.6547,0.18346,0.73329,0.0060142,0.51655
264.19,155,309.97,-0.75255,0.25387,0.60763,0.0059768,0.51304
261.8,155.91,311.53,-0.7728,0.32931,0.54252,0.0053523,0.26665
259.57,156.97,313.22,-0.65588,0.35806,0.66454,0.0050901,0.3902
257.91,158.03,315.47,-0.51069,0.36936,0.77638,0.0049439,0.5121
256.51,159.18,317.86,-0.44669,0.37212,0.81363,0.0051864,0.441
255.23,160.27,320.35,-0.46007,0.29825,0.83629,0.0055089,0.32708
253.76,160.97,322.86,-0.5238,0.17649,0.83336,0.0058535,0.37355
252.1,161.32,325.33,-0.57131,0.074747,0.81732,0.005877,0.46642
250.34,161.41,327.76,-0.63485,0.07471,0.76902,0.0059311,0.46017
248.31,161.77,329.93,-0.72084,0.1937,0.66548,0.0055379,0.63254
246.05,162.57,331.72,-0.76616,0.29261,0.57218,0.0046869,0.7393
243.72,163.52,333.36,-0.78635,0.28163,0.54986,0.0042416,0.70289
241.33,164.26,335.02,-0.77491,0.19911,0.59989,0.004175,0.76814
239.08,164.71,336.94,-0.73417,0.10109,0.67139,0.0045575,0.75422
236.94,164.86,339.03,-0.74719,0.019851,0.66431,0.0047652,0.72197
234.61,164.83,340.92,-0.80416,-0.055432,0.59183,0.0050204,0.6764
232.13,164.53,342.57,-0.8273,-0.047112,0.55978,0.0054959,0.6435
229.66,164.55,344.27,-0.81589,0.067433,0.57426,0.0059005,0.63127
227.25,164.93,346.01,-0.78334,0.11511,0.61084,0.006277,0.39877
224.97,165.24,347.92,-0.68333,0.13181,0.71812,0.0062999,0.46963
223.19,165.72,350.28,-0.56977,0.1793,0.802,0.0059185,0.44734
221.56,166.31,352.73,-0.55411,0.19244,0.8099,0.0052885,0.3975
219.86,166.87,355.14,-0.55283,0.17338,0.81506,0.005372,0.28874
218.24,167.35,357.62,-0.50457,0.15302,0.8497,0.0056701,0.46039
216.84,167.79,360.23,-0.41624,0.1293,0.90001,0.0061445,0.49335
215.75,168.12,363,-0.36114,0.19913,0.911,0.0063014,0.39987
214.68,168.97,365.66,-0.38941,0.37246,0.8424,0.0067668,0.22129
213.43,170.34,368.02,-0.41416,0.46888,0.78014,0.0070583,0.20564
212.2,171.79,370.34,-0.42485,0.44844,0.78639,0.0073199,0.31215
210.89,173.03,372.73,-0.43772,0.33523,0.83428,0.0079808,0.35645
209.59,173.79,375.32,-0.44031,0.17946,0.87973,0.0076141,0.34554
208.26,174.1,377.99,-0.44,0.17288,0.8812,0.0071842,0.31052
206.96,174.82,380.58,-0.4195,0.32142,0.84894,0.0065048,0.3959
