306.66,33.333,240.28,-0.96349,0.24475,-0.1086,0.0035129,0.58467
303.82,34.186,240.13,-0.9397,0.33585,0.064621,0.004527,0.44451
301.1,35.325,240.66,-0.89803,0.37919,0.22305,0.0052248,0.28161
298.44,36.458,241.47,-0.8965,0.3755,0.23514,0.0055419,0.32736
295.72,37.575,242.07,-0.90277,0.39987,0.15843,0.0055675,0.28922
293.03,38.852,242.41,-0.89645,0.42425,0.12806,0.0049091,0.29737
290.35,40.12,242.84,-0.89132,0.43027,0.14289,0.0049597,0.45332
287.69,41.433,243.27,-0.91153,0.39991,0.095897,0.0049973,0.51555
284.9,42.51,243.42,-0.95182,0.30303,-0.047035,0.0048281,0.39422
282.03,43.234,242.99,-0.94894,0.26641,-0.16892,0.0051941,0.54856
279.22,44.104,242.41,-0.94395,0.31597,-0.095453,0.0050503,0.57417
276.4,45.116,242.42,-0.93297,0.35365,0.067088,0.0046269,0.57709
273.64,46.22,242.81,-0.9127,0.39067,0.11976,0.0043186,0.60772
270.93,47.458,243.14,-0.88659,0.40982,0.21449,0.0044721,0.49986
268.36,48.66,244.08,-0.85464,0.34618,0.38698,0.0049996,0.41526
265.84,49.521,245.45,-0.91894,0.18094,0.35044,0.0051588,0.52235
262.97,49.73,246.15,-0.98676,-0.027962,0.15978,0.0057256,0.56286
260.01,49.349,246.39,-0.95705,-0.035079,0.28778,0.0057036,0.65454
257.41,49.524,247.82,-0.81265,0.084729,0.57655,0.0052502,0.5934
255.19,49.853,249.81,-0.72647,0.039889,0.68604,0.0051583,0.48674
253.06,49.763,251.92,-0.72875,-0.05687,0.68241,0.0048398,0.42068
250.83,49.512,253.9,-0.75898,-0.02397,0.65067,0.0049534,0.65145
248.52,49.619,255.81,-0.75666,0.11977,0.64274,0.0042201,0.57886
246.31,50.228,257.74,-0.71738,0.21797,0.66171,0.0040785,0.60544
244.22,50.926,259.78,-0.69453,0.21412,0.68687,0.0044335,0.48747
242.15,51.512,261.85,-0.71078,0.12105,0.69292,0.00476,0.57681
239.98,51.65,263.92,-0.74865,-0.033474,0.66212,0.0047324,0.5352
237.68,51.312,265.81,-0.78472,-0.16246,0.59819,0.0040181,0.45925
235.28,50.677,267.5,-0.80079,-0.18051,0.5711,0.0036364,0.31351
232.88,50.23,269.23,-0.80293,-0.081958,0.59041,0.0033919,0.39668
230.48,50.186,271.02,-0.78237,0.067969,0.6191,0.0032331,0.51052
228.21,50.637,272.92,-0.74505,0.18563,0.64066,0.0035065,0.56734
226.02,51.299,274.86,-0.75642,0.20712,0.62042,0.0039369,0.53765
223.67,51.878,276.64,-0.79197,0.18694,0.58124,0.0047419,0.40861
221.27,52.42,278.35,-0.79943,0.17342,0.57519,0.0051146,0.40465
218.88,52.918,280.09,-0.76991,0.1793,0.61244,0.0050806,0.59
216.65,53.495,282.02,-0.7185,0.18113,0.67152,0.005145,0.43509
214.57,54.004,284.12,-0.68444,0.16378,0.71044,0.0052722,0.57717
212.55,54.477,286.28,-0.7254,0.164,0.66851,0.0053208,0.57852
210.24,54.984,288.11,-0.80778,0.17248,0.56369,0.0049343,0.5673
207.72,55.508,289.65,-0.87016,0.15565,0.46755,0.0044627,0.49945
205.03,55.916,290.91,-0.89951,0.14186,0.41323,0.0036301,0.50308
202.32,56.359,292.13,-0.89306,0.14772,0.425,0.0037152,0.59341
199.67,56.801,293.46,-0.85751,0.12104,0.50003,0.0041809,0.69804
197.19,57.083,295.12,-0.7985,0.11023,0.59182,0.0044558,0.75837
194.89,57.461,297.01,-0.77191,0.17677,0.61066,0.0046338,0.72479
192.57,58.142,298.78,-0.79489,0.24966,0.553,0.0042673,0.70022
190.13,58.957,300.32,-0.83729,0.28107,0.46898,0.0049213,0.74079
187.56,59.825,301.59,-0.8809,0.31564,0.35269,0.0052875,0.68416
184.87,60.843,302.43,-0.8968,0.34174,0.281,0.0056198,0.58385
182.18,61.872,303.27,-0.8882,0.29987,0.34812,0.0053753,0.60691
179.56,62.634,304.5,-0.88446,0.20531,0.41901,0.0049999,0.62005
176.89,63.101,305.78,-0.92436,0.15831,0.34712,0.0056376,0.67701
174.04,63.579,306.58,-0.96833,0.14564,0.20281,0.0059574,0.70595
171.1,63.971,306.99,-0.98191,0.036743,0.18573,0.0060224,0.72392
168.21,63.8,307.68,-0.93781,-0.042973,0.34447,0.0066603,0.62351
165.54,63.717,309.04,-0.88524,0.068484,0.46007,0.0067797,0.52319
162.93,64.209,310.42,-0.89019,0.19401,0.41223,0.0067248,0.51608
160.22,64.877,311.5,-0.90511,0.19696,0.37682,0.0068287,0.42532
157.51,65.389,312.68,-0.87004,0.21514,0.44355,0.0069035,0.42187
155.02,66.163,314.15,-0.81172,0.23436,0.53496,0.0069416,0.56402
152.65,66.791,315.88,-0.79344,0.15275,0.58916,0.007265,0.62254
150.27,67.077,317.68,-0.76782,0.12032,0.62926,0.0067597,0.67928
148.06,67.511,319.65,-0.6674,0.25252,0.70058,0.0062305,0.66993
146.31,68.572,321.83,-0.53078,0.46411,0.70914,0.0056267,0.52838
144.91,70.266,323.85,-0.46032,0.64224,0.61289,0.0055122,0.40373
143.57,72.401,325.48,-0.46708,0.66892,0.57825,0.0047095,0.62342
142.12,74.263,327.31,-0.50361,0.50192,0.70317,0.0044055,0.62148
140.59,75.365,329.64,-0.49865,0.32896,0.80196,0.0040661,0.52969
139.13,76.231,332.11,-0.46181,0.30417,0.83319,0.0039301,0.618
137.82,77.188,334.63,-0.4458,0.26008,0.85651,0.0037151,0.57951
136.47,77.788,337.23,-0.48984,0.13508,0.86128,0.0038825,0.49066
134.9,77.995,339.77,-0.59081,0.035599,0.80603,0.0036132,0.44303
132.94,78,342.04,-0.67963,0.00075744,0.73355,0.0035366,0.5558
130.83,78,344.17,-0.71906,0,0.69495,0.0037099,0.77197
128.63,78,346.21,-0.76876,0,0.63953,0.0038494,0.77205
126.22,78,348,-0.84048,0,0.54184,0.0040928,0.77414
123.6,78,349.45,-0.87749,0,0.4796,0.0042041,0.77294
120.96,78,350.88,-0.86256,-0.0097583,0.50585,0.0042661,0.79456
118.43,77.942,352.48,-0.82844,-0.05248,0.55762,0.0043179,0.79182
116,77.686,354.22,-0.76753,-0.1215,0.62939,0.0044796,0.77136
113.84,77.216,356.24,-0.66622,-0.19002,0.72114,0.0045461,0.79637
112.02,76.55,358.53,-0.61933,-0.24389,0.74629,0.004781,0.83957
110.13,75.754,360.72,-0.69248,-0.26568,0.67073,0.0047507,0.88142
107.88,74.964,362.53,-0.82007,-0.25959,0.51,0.0042974,0.81675
105.26,74.211,363.75,-0.90791,-0.2447,0.34033,0.0037865,0.69199
102.46,73.502,364.56,-0.94148,-0.19023,0.27827,0.0035129,0.60427
99.618,73.072,365.41,-0.95948,-0.083941,0.26897,0.0031786,0.5377
96.718,73,366.17,-0.96396,-0.012031,0.26579,0.0031866,0.55739
93.836,73,367.01,-0.95216,0,0.3056,0.003075,0.45974
91.008,73,368,-0.93211,0.013776,0.36192,0.002893,0.43262
88.25,73.083,369.18,-0.89656,0.10479,0.43035,0.0027404,0.3917
85.657,73.625,370.57,-0.8621,0.23224,0.45039,0.0023821,0.16408
83.09,74.473,371.87,-0.86734,0.27357,0.41578,0.0024357,0.27828
80.456,75.265,373.07,-0.90426,0.1775,0.38835,0.002267,0.56011
77.694,75.533,374.19,-0.93834,0.0648,0.33958,0.002837,0.57773
74.839,75.653,375.1,-0.96594,0.068933,0.24942,0.0031616,0.18912
71.918,75.945,375.68,-0.96899,0.19514,0.15161,0.0036272,0.4904
69.069,76.816,376,-0.95383,0.27659,0.11711,0.0035983,0.54878
66.204,77.602,376.38,-0.95841,0.19706,0.20644,0.0033487,0.66177
63.36,77.99,377.23,-0.93657,0.1474,0.31797,0.0031449,0.70742
60.604,78.483,378.29,-0.91146,0.27714,0.30404,0.0030679,0.713
57.945,79.637,379.04,-0.8763,0.40791,0.25635,0.0030232,0.73478
55.355,80.926,379.82,-0.88791,0.37933,0.26023,0.0034227,0.70162
52.629,81.908,380.59,-0.93134,0.30765,0.19481,0.0040603,0.54784
49.788,82.766,380.99,-0.9561,0.28505,0.067896,0.003963,0.50742
46.91,83.613,381,-0.94252,0.33413,0.0023726,0.0039015,0.68378
44.15,84.764,381,-0.90777,0.41947,-1.6351e-16,0.0035246,0.68091
