153.57,231.38,32.387,-0.80399,0.2681,0.53077,0.0030252,0.77085
151.18,232.21,34.003,-0.75823,0.29321,0.58233,0.0026429,0.7766
149.03,233.14,35.873,-0.72867,0.28173,0.62423,0.0024522,0.58215
146.81,233.9,37.745,-0.74714,0.22406,0.62576,0.0028227,0.43945
144.55,234.48,39.625,-0.76519,0.15904,0.62385,0.0031888,0.42212
142.22,234.85,41.484,-0.81684,0.036771,0.5757,0.00283,0.3304
139.68,234.7,43.054,-0.87786,-0.097985,0.46878,0.003186,0.37245
136.98,234.26,44.28,-0.90232,-0.076158,0.42429,0.0035271,0.56735
134.29,234.25,45.59,-0.90393,0.064857,0.42274,0.0036279,0.64632
131.58,234.65,46.807,-0.88939,0.17265,0.42328,0.0032061,0.63008
128.96,235.28,48.125,-0.84102,0.28037,0.46268,0.0029988,0.62618
126.55,236.33,49.572,-0.79591,0.40494,0.45005,0.0027297,0.56772
124.2,237.7,50.818,-0.76753,0.49996,0.40118,0.0027474,0.74647
121.96,239.32,51.974,-0.69147,0.58996,0.41692,0.003021,0.78883
120.07,241.23,53.309,-0.59462,0.65217,0.47021,0.0029913,0.74746
118.4,243.23,54.79,-0.5517,0.65445,0.51703,0.0028037,0.58795
116.76,245.15,56.409,-0.54129,0.60394,0.58503,0.0030349,0.49898
115.16,246.84,58.291,-0.51439,0.51886,0.68278,0.0029468,0.5633
113.69,248.25,60.49,-0.47993,0.41301,0.77401,0.0031317,0.62565
112.29,249.31,62.918,-0.45194,0.29169,0.84301,0.0029412,0.40952
110.99,250,65.529,-0.45466,0.18781,0.87064,0.0029351,0.39488
109.57,250.44,68.132,-0.50982,0.14329,0.84826,0.0029347,0.56881
107.93,250.85,70.613,-0.50912,0.14111,0.84905,0.002467,0.51541
106.52,251.28,73.219,-0.40022,0.17102,0.90032,0.0026926,0.39319
105.54,251.88,75.988,-0.20268,0.27682,0.9393,0.0027709,0.60272
105.31,252.92,78.783,-0.063183,0.323,0.94429,0.0027905,0.70368
105.16,253.81,81.643,-0.099315,0.23715,0.96638,0.0027775,0.70518
104.72,254.34,84.557,-0.11177,0.16994,0.9791,0.002986,0.73592
104.49,254.83,87.502,-0.0070541,0.082135,0.9966,0.0028335,0.6777
104.68,254.83,90.479,0.081568,-0.079374,0.9935,0.003087,0.58824
104.98,254.35,93.421,-0.032281,-0.077946,0.99643,0.0032179,0.54555
104.5,254.36,96.341,-0.30492,0.13691,0.94248,0.0031372,0.61988
103.19,255.16,98.915,-0.45782,0.29777,0.8377,0.0028578,0.69663
101.76,256.15,101.36,-0.414,0.35064,0.84003,0.0029673,0.74127
100.72,257.25,103.94,-0.25872,0.42398,0.86793,0.0027599,0.66929
100.22,258.67,106.53,-0.11133,0.50247,0.8574,0.0029291,0.5783
100.05,260.26,109.06,0.010196,0.5454,0.83812,0.0028379,0.71455
100.28,261.94,111.54,0.13364,0.55969,0.81786,0.0031014,0.64469
100.85,263.61,113.96,0.21646,0.55157,0.80555,0.0028839,0.702
101.57,265.24,116.37,0.18738,0.5209,0.8328,0.003089,0.60341
101.97,266.73,118.94,0.11645,0.41467,0.90249,0.0031549,0.66337
102.27,267.72,121.75,0.12218,0.27266,0.95432,0.0029171,0.52465
102.7,268.36,124.65,0.09202,0.21774,0.97166,0.0031742,0.34554
102.82,269.02,127.56,-0.017071,0.22882,0.97332,0.0030347,0.27775
102.6,269.72,130.46,-0.087704,0.24216,0.96627,0.0032036,0.61448
102.29,270.47,133.35,-0.15884,0.26497,0.95108,0.003384,0.67939
101.65,271.31,136.15,-0.19564,0.34175,0.9192,0.0029262,0.85639
101.13,272.51,138.84,-0.10889,0.40089,0.90963,0.0031019,0.78913
101,273.7,141.59,-0.045889,0.40082,0.91501,0.0035011,0.75652
100.85,274.91,144.33,-0.09377,0.46455,0.88057,0.0036135,0.7104
100.44,276.48,146.85,-0.12958,0.529,0.83867,0.0031954,0.65485
100.07,278.08,149.35,-0.073639,0.4905,0.86832,0.0028473,0.57779
100,279.41,152.04,-0.01497,0.42451,0.9053,0.0025409,0.59522
99.984,280.63,154.78,-0.042923,0.39647,0.91704,0.0024581,0.4839
99.743,281.79,157.54,-0.054327,0.38851,0.91984,0.0022238,0.67102
99.659,282.96,160.3,0.0076727,0.39251,0.91972,0.0022323,0.70005
99.789,284.14,163.05,0.055304,0.37592,0.925,0.0025829,0.70003
99.99,285.21,165.84,0.035262,0.33529,0.94146,0.0027678,0.76347
100,286.15,168.69,-0.029409,0.28158,0.95909,0.0024904,0.76836
99.814,286.9,171.59,-0.10409,0.21689,0.97063,0.0028934,0.83824
99.377,287.45,174.5,-0.12681,0.12597,0.9839,0.00293,0.79664
99.056,287.65,177.47,-0.019033,-0.018463,0.99965,0.002638,0.82223
99.263,287.34,180.44,0.044391,-0.13347,0.99006,0.0025541,0.8037
99.321,286.85,183.4,-0.081486,-0.17074,0.98194,0.0024636,0.85221
98.78,286.32,186.29,-0.21103,-0.21614,0.95328,0.002717,0.80537
98.058,285.56,189.1,-0.2243,-0.26729,0.93715,0.0029794,0.7256
97.434,284.72,191.91,-0.20832,-0.23604,0.94915,0.0030938,0.80542
96.811,284.15,194.78,-0.28808,-0.13866,0.94751,0.0029533,0.81141
95.716,283.89,197.56,-0.3855,-0.11447,0.91558,0.0033256,0.7364
94.501,283.46,200.27,-0.33005,-0.19216,0.9242,0.0036067,0.62369
93.746,282.75,203.07,-0.16355,-0.18667,0.96871,0.0036087,0.57959
93.529,282.35,206.02,-0.083984,0.00038042,0.99647,0.0032671,0.66722
93.248,282.75,208.98,-0.088204,0.10835,0.99019,0.0028671,0.57583
93.001,283,211.95,-0.041548,0.081018,0.99585,0.0028791,0.54052
93,283.24,214.94,-0.00016876,0.12318,0.99238,0.0030044,0.63095
93,283.74,217.89,-0.022565,0.11162,0.99349,0.0030099,0.64583
92.866,283.9,220.88,-0.028494,-0.049307,0.99838,0.0035163,0.79891
92.831,283.44,223.84,0.031445,-0.14488,0.98895,0.0036799,0.78157
93.054,283.04,226.8,0.12199,-0.039094,0.99176,0.0033239,0.83569
93.557,283.21,229.74,0.20837,0.14087,0.96785,0.0032484,0.85389
94.296,283.88,232.57,0.2553,0.28404,0.9242,0.0033285,0.82707
95.084,284.91,235.27,0.22646,0.33024,0.91633,0.0035293,0.76125
95.652,285.85,238.05,0.054118,0.28462,0.95711,0.0039183,0.80533
95.404,286.59,240.94,-0.12987,0.24868,0.95984,0.0043864,0.74159
94.874,287.34,243.79,-0.092664,0.21234,0.97279,0.0040288,0.69403
94.851,287.86,246.74,-0.01443,0.12357,0.99223,0.0040997,0.71368
94.788,288.08,249.73,-0.10195,0.15308,0.98294,0.0037226,0.76652
94.247,288.77,252.58,-0.19895,0.34044,0.91898,0.0029386,0.70984
93.606,290.1,255.18,-0.12596,0.45817,0.8799,0.0029751,0.72351
93.496,291.5,257.83,-0.055851,0.47116,0.88028,0.0030145,0.80077
93.272,292.93,260.45,-0.21322,0.48932,0.84564,0.0026219,0.81731
92.235,294.4,262.84,-0.41355,0.48779,0.76879,0.0028924,0.79876
90.801,295.84,265.04,-0.50759,0.45307,0.73286,0.0030748,0.78707
89.193,297.11,267.23,-0.59607,0.40747,0.69186,0.0031943,0.76845
87.237,298.27,269.18,-0.67481,0.38826,0.62761,0.0036712,0.75912
85.149,299.44,270.99,-0.65588,0.42279,0.62536,0.0030112,0.66208
83.31,300.81,272.93,-0.59228,0.47697,0.64938,0.002797,0.69348
81.598,302.3,274.88,-0.60138,0.50707,0.61743,0.0028706,0.52654
79.708,303.84,276.62,-0.65859,0.54131,0.52273,0.0031781,0.65173
77.66,305.54,278.01,-0.69258,0.59299,0.41073,0.0027389,0.75599
75.563,307.39,279.08,-0.72648,0.61809,0.30032,0.0029276,0.78039
73.316,309.23,279.81,-0.82127,0.53901,0.18705,0.0031896,0.82721
70.686,310.59,280.19,-0.90923,0.36333,0.20322,0.0029008,0.77902
67.917,311.39,281.01,-0.92807,0.20454,0.31122,0.0028104,0.78712
65.137,311.82,282.06,-0.93547,0.1407,0.3242,0.0026565,0.83328
62.307,312.23,282.96,-0.91999,0.19027,0.34265,0.0025457,0.84475
59.637,312.95,284.1,-0.86042,0.2594,0.43863,0.0021612,0.85982
57.164,313.78,285.58,-0.80977,0.24727,0.53209,0.0028608,0.79428
54.788,314.43,287.29,-0.82176,0.1739,0.54264,0.0031205,0.78494
52.251,314.82,288.82,-0.88836,0.10023,0.44808,0.0035063,0.77208
