396.18,146.57,343.39,-0.79924,0.59248,-0.10092,0.0038853,0.5729
393.76,148.33,343.12,-0.81841,0.56659,-0.095804,0.0034612,0.64645
391.27,149.97,342.82,-0.83706,0.5377,-0.10101,0.0036525,0.61286
388.74,151.55,342.52,-0.83139,0.55007,-0.078836,0.0032907,0.7045
386.29,153.26,342.34,-0.80347,0.59454,-0.030829,0.0035898,0.69147
383.93,155.11,342.33,-0.78455,0.61898,0.036752,0.0039174,0.72259
381.59,156.97,342.56,-0.77459,0.61162,0.16104,0.0041076,0.60922
379.3,158.77,343.29,-0.75559,0.59191,0.28059,0.0040482,0.54399
377.06,160.52,344.25,-0.75222,0.56264,0.34294,0.004431,0.45333
374.79,162.14,345.35,-0.7691,0.52867,0.35915,0.0040798,0.34776
372.45,163.69,346.4,-0.79748,0.50755,0.32622,0.0039382,0.18445
370.01,165.18,347.31,-0.81648,0.52585,0.23842,0.0039817,0.27246
367.56,166.83,347.83,-0.80387,0.57451,0.15406,0.0036713,0.60354
365.19,168.63,348.23,-0.77228,0.60613,0.19024,0.0036449,0.50914
362.94,170.46,348.96,-0.72868,0.60675,0.31761,0.0034263,0.6053
360.84,172.25,350.13,-0.67428,0.60686,0.42079,0.0033872,0.47629
358.9,174.1,351.49,-0.63993,0.62159,0.45179,0.0034284,0.61602
357,175.98,352.84,-0.65332,0.612,0.44568,0.0035319,0.5558
354.98,177.77,354.16,-0.68948,0.59125,0.41838,0.0038696,0.582
352.86,179.53,355.35,-0.70393,0.58646,0.40068,0.0039651,0.68285
350.76,181.29,356.56,-0.6792,0.58995,0.43663,0.0040773,0.59631
348.79,183.06,357.96,-0.60449,0.59804,0.52625,0.004125,0.69789
347.15,184.86,359.71,-0.5125,0.6099,0.60445,0.0041449,0.74696
345.72,186.71,361.58,-0.47883,0.65786,0.58133,0.0042019,0.69688
344.28,188.8,363.18,-0.5219,0.71307,0.46814,0.0045087,0.77996
342.61,190.97,364.38,-0.60121,0.71827,0.35019,0.004243,0.83965
340.69,193.09,365.28,-0.68718,0.66309,0.29683,0.004501,0.80462
338.5,194.94,366.16,-0.75076,0.58957,0.29794,0.0043381,0.81204
336.19,196.63,367.07,-0.74473,0.58906,0.31365,0.0043351,0.74558
334.03,198.47,368.04,-0.71119,0.64485,0.27995,0.0039384,0.57375
331.93,200.49,368.74,-0.70183,0.67813,0.21813,0.0038508,0.63557
329.83,202.53,369.34,-0.72604,0.62743,0.28142,0.0041401,0.62957
327.61,204.22,370.42,-0.7964,0.47781,0.37073,0.0040514,0.67979
325.08,205.38,371.55,-0.87164,0.36884,0.3228,0.0035949,0.7316
322.4,206.43,372.35,-0.93258,0.31633,0.17386,0.0033424,0.8373
319.55,207.26,372.59,-0.9861,0.15424,-0.061832,0.0031252,0.87958
316.62,207.33,371.98,-0.96748,0.036101,-0.25037,0.0030622,0.87367
313.76,207.47,371.09,-0.9515,0.15699,-0.26458,0.0033529,0.84648
310.96,208.26,370.41,-0.92768,0.32125,-0.19029,0.0032054,0.87576
308.22,209.4,369.95,-0.92963,0.30943,-0.20009,0.003418,0.86953
305.42,210.11,369.22,-0.90145,0.10699,-0.41945,0.003284,0.81065
302.98,210.02,367.52,-0.77596,-0.06904,-0.62699,0.0034319,0.84783
300.8,209.69,365.48,-0.76456,-0.026138,-0.64402,0.0033334,0.86012
298.43,209.86,363.68,-0.81571,0.1345,-0.56261,0.0030318,0.85175
295.94,210.5,362.13,-0.80247,0.183,-0.56794,0.0031783,0.86945
293.63,210.95,360.28,-0.74201,0.12773,-0.65811,0.0030733,0.80902
291.5,211.26,358.19,-0.74012,0.12458,-0.66084,0.0035895,0.71783
289.2,211.7,356.33,-0.79997,0.096064,-0.59229,0.0037843,0.57192
286.72,211.84,354.65,-0.83634,0.019144,-0.54788,0.0040025,0.4569
284.19,211.81,353.04,-0.86237,-0.064441,-0.50216,0.0042797,0.5626
281.56,211.45,351.65,-0.83658,-0.21853,-0.50237,0.0046411,0.60183
279.21,210.51,350.05,-0.76012,-0.31897,-0.56611,0.0043857,0.70568
277.01,209.54,348.26,-0.76638,-0.21603,-0.60497,0.0044098,0.62591
274.65,209.23,346.46,-0.8326,0.004979,-0.55386,0.0043892,0.73198
272.07,209.57,344.97,-0.8989,0.12215,-0.42077,0.0041434,0.80787
269.29,209.96,343.95,-0.95432,0.071428,-0.29014,0.0038121,0.90509
266.37,210,343.24,-0.96325,0.007323,-0.26849,0.0039807,0.87566
263.51,210,342.34,-0.91401,-0.015947,-0.40538,0.0043898,0.8414
260.94,209.91,340.83,-0.83348,-0.062975,-0.54895,0.0045137,0.79499
258.53,209.62,339.05,-0.82616,-0.10316,-0.5539,0.0042433,0.81972
255.99,209.29,337.51,-0.89823,-0.093536,-0.42945,0.0044184,0.84831
253.18,209.07,336.49,-0.92998,-0.1419,-0.33913,0.0045263,0.78754
250.43,208.44,335.48,-0.92424,-0.22028,-0.31185,0.0046813,0.82933
247.64,207.75,334.63,-0.95177,-0.14453,-0.27063,0.0049539,0.83442
244.75,207.58,333.87,-0.96247,0.0068018,-0.27132,0.0050693,0.77241
241.89,207.79,333.01,-0.93471,-0.024345,-0.35459,0.0048869,0.80623
239.19,207.43,331.76,-0.91859,-0.22183,-0.3271,0.0046848,0.81445
236.46,206.48,331.07,-0.90458,-0.40426,-0.13532,0.0049078,0.80472
233.83,205.03,330.96,-0.84213,-0.52479,-0.12412,0.005086,0.74726
231.45,203.36,330.33,-0.80694,-0.4819,-0.34149,0.0053092,0.7348
229.08,202.19,328.95,-0.86769,-0.2669,-0.41938,0.0049146,0.75212
226.33,201.78,327.86,-0.94789,-0.091832,-0.30508,0.0040118,0.68287
223.43,201.65,327.13,-0.96339,-0.092347,-0.2517,0.0040536,0.67822
220.57,201.23,326.35,-0.97024,-0.186,-0.15503,0.0042259,0.63237
217.67,200.54,326.21,-0.97269,-0.19978,0.11813,0.0042975,0.64154
214.84,200.05,327.05,-0.93965,-0.20147,0.27654,0.0045898,0.73531
212.05,199.34,327.87,-0.9281,-0.34961,0.12811,0.0047646,0.80399
209.38,198,327.81,-0.91121,-0.40308,-0.085014,0.0046278,0.81789
206.63,196.94,327.36,-0.96916,-0.2096,-0.12957,0.004549,0.76038
203.66,196.76,327.04,-0.99839,0.056337,-0.0065456,0.0040784,0.82998
200.73,197.27,327.32,-0.95024,0.28011,0.13628,0.0042814,0.76405
198.02,198.42,327.85,-0.87939,0.43838,0.18571,0.0039184,0.7726
195.47,199.89,328.43,-0.88013,0.46346,0.10289,0.0042501,0.73651
192.78,201.18,328.47,-0.96303,0.26907,-0.013095,0.0041002,0.72929
189.81,201.48,328.35,-0.99929,-0.0041292,0.037409,0.0042443,0.74325
186.85,201.16,328.69,-0.99128,-0.079515,0.10508,0.0044609,0.75812
183.87,201,328.98,-0.99791,-0.031195,0.056553,0.0039853,0.79928
180.88,200.97,329.03,-0.99473,-0.071271,0.073687,0.0040819,0.77922
177.93,200.57,329.42,-0.98312,-0.14834,0.10706,0.0040329,0.70602
174.99,200.08,329.67,-0.98552,-0.16418,0.042457,0.0039762,0.63734
172.03,199.59,329.68,-0.98181,-0.16082,0.10089,0.0038436,0.64932
169.13,199.12,330.27,-0.96882,-0.075351,0.23603,0.0035752,0.50386
166.25,199.14,331.09,-0.95176,0.045414,0.30347,0.0036712,0.42438
163.44,199.39,332.09,-0.91752,0.11374,0.38108,0.0039119,0.39159
160.76,199.82,333.37,-0.89936,0.18303,0.39707,0.0041394,0.52453
158.05,200.49,334.47,-0.93827,0.19451,0.28604,0.0042208,0.67967
155.16,200.98,335.07,-0.95974,0.125,0.25155,0.0039986,0.71363
152.32,201.24,335.97,-0.92592,0.091713,0.36642,0.0038838,0.64638
149.63,201.53,337.26,-0.91187,0.080879,0.40244,0.0041557,0.60898
146.85,201.72,338.38,-0.93419,-0.007104,0.3567,0.0038833,0.50434
144.05,201.49,339.4,-0.92767,-0.15879,0.33795,0.0039209,0.63033
141.32,200.77,340.4,-0.9173,-0.26083,0.3009,0.0035456,0.60415
138.56,199.93,341.2,-0.9721,-0.1424,0.18642,0.0039559,0.58433
135.59,199.93,341.5,-0.98931,0.046547,0.13819,0.0043196,0.50255
132.66,200.21,342.02,-0.97419,-0.05416,0.21913,0.0049299,0.20725
129.84,199.61,342.79,-0.94358,-0.26935,0.19264,0.0050486,0.38048
127.04,198.6,343.17,-0.92653,-0.36904,0.073104,0.0052558,0.31367
124.3,197.41,343.23,-0.92353,-0.37901,0.058695,0.00509,0.43749
121.51,196.33,343.52,-0.93082,-0.31528,0.18486,0.004301,0.52247
118.75,195.53,344.33,-0.91664,-0.26719,0.2973,0.0037386,0.76544
116.02,194.73,345.3,-0.88384,-0.28999,0.36707,0.0035328,0.73734
113.46,193.79,346.53,-0.83181,-0.35657,0.42539,0.0033448,0.69987
111.04,192.6,347.85,-0.78518,-0.43728,0.4385,0.0036249,0.59042
108.75,191.17,349.15,-0.79371,-0.48308,0.36967,0.0034814,0.47893
106.3,189.71,350.06,-0.80801,-0.51965,0.27764,0.0037073,0.61148
103.92,188.06,350.82,-0.72922,-0.63285,0.26026,0.0037383,0.66395
101.96,185.94,351.61,-0.65525,-0.69951,0.28519,0.0039418,0.70631
99.998,183.88,352.52,-0.73237,-0.59065,0.33878,0.0039328,0.45077
97.613,182.44,353.61,-0.82803,-0.43264,0.35663,0.0039757,0.36945
95.046,181.29,354.65,-0.88252,-0.34986,0.31426,0.0038559,0.26728
92.332,180.35,355.49,-0.9206,-0.2427,0.30594,0.0035257,0.26464
89.551,179.84,356.48,-0.90072,-0.15791,0.40469,0.0034864,0.44396
86.955,179.41,357.91,-0.83155,-0.12976,0.54007,0.0035505,0.41897
84.578,179.07,359.71,-0.79981,-0.067765,0.59641,0.0034382,0.43283
82.163,179,361.48,-0.79028,-0.010845,0.61265,0.0035294,0.41803
79.84,179,363.38,-0.75786,0.024957,0.65194,0.0034705,0.52114
77.62,179.15,365.39,-0.72521,0.053852,0.68642,0.0039394,0.62423
75.492,179.33,367.5,-0.7272,0.025834,0.68594,0.0043686,0.62102
73.263,179.3,369.5,-0.79648,-0.078856,0.5995,0.0044733,0.65819
70.755,178.86,371.07,-0.87212,-0.15122,0.46533,0.0044177,0.63825
68.053,178.4,372.28,-0.87964,-0.10848,0.4631,0.004227,0.70259
65.502,178.21,373.83,-0.77857,-0.035858,0.62653,0.003915,0.75116
63.438,178.19,375.99,-0.63677,0.010707,0.77098,0.0043249,0.72764
61.699,178.27,378.44,-0.58808,0.099017,0.80272,0.0044321,0.68829
59.925,178.78,380.79,-0.61271,0.24825,0.75031,0.0044011,0.62166
58.045,179.76,382.91,-0.65493,0.39394,0.64489,0.0041401,0.68156
56.019,181.13,384.64,-0.69276,0.50737,0.5125,0.0040247,0.49613
53.909,182.78,385.97,-0.72418,0.59362,0.35097,0.0041855,0.45685
51.707,184.66,386.73,-0.77073,0.59554,0.22654,0.0045066,0.40273
49.3,186.35,387.32,-0.82691,0.49194,0.27244,0.0043515,0.44183
46.776,187.6,388.35,-0.82166,0.45611,0.34182,0.0044143,0.67947
44.378,189.08,389.37,-0.78112,0.5155,0.35229,0.0042432,0.7683
42.096,190.68,390.46,-0.75469,0.51082,0.41172,0.0039011,0.75998
39.861,192.13,391.84,-0.79111,0.41906,0.44556,0.0036893,0.82623
37.373,193.19,393.12,-0.89523,0.32162,0.30842,0.0042264,0.72102
34.56,194.04,393.66,-0.93875,0.32339,0.11903,0.0045272,0.6994
31.768,195.12,393.83,-0.92683,0.37517,0.015299,0.0047397,0.68864
29.008,196.29,393.76,-0.94868,0.3082,-0.070763,0.0046919,0.70532
26.107,196.96,393.41,-0.9704,0.16248,-0.17869,0.0040284,0.68788
23.214,197.26,392.69,-0.94901,0.11265,-0.29445,0.0036941,0.7697
20.427,197.63,391.65,-0.94133,0.17612,-0.28788,0.003396,0.77774
17.605,198.3,390.97,-0.92672,0.37538,-0.016513,0.0038049,0.65286
