317.46,36.663,101.94,-0.85561,0.11875,0.50382,0.0033243,0.74846
314.87,37.094,103.4,-0.85731,0.28407,0.42933,0.0036729,0.69297
312.38,38.346,104.48,-0.82876,0.43126,0.35662,0.0039426,0.68885
309.91,39.679,105.53,-0.76856,0.4774,0.42591,0.0036625,0.7261
307.79,41.193,107.02,-0.68126,0.52092,0.51432,0.003218,0.70819
305.82,42.8,108.62,-0.67546,0.54778,0.49365,0.003276,0.72673
303.75,44.473,109.98,-0.74113,0.54711,0.38909,0.0033436,0.74199
301.4,46.068,110.94,-0.79385,0.51684,0.32043,0.0032585,0.81769
298.99,47.572,111.9,-0.82846,0.45802,0.32228,0.0032416,0.81315
296.44,48.81,112.87,-0.83781,0.37719,0.39472,0.0030273,0.84011
293.99,49.825,114.26,-0.75307,0.30404,0.58348,0.0030438,0.83184
291.97,50.613,116.33,-0.63918,0.25679,0.72492,0.0028093,0.86285
290.16,51.362,118.6,-0.58386,0.25644,0.77029,0.0026818,0.88119
288.47,52.151,120.95,-0.51986,0.24446,0.81853,0.0026116,0.87623
287.05,52.825,123.49,-0.41922,0.19028,0.88772,0.0027752,0.87879
285.97,53.287,126.25,-0.35693,0.15555,0.92109,0.0028567,0.87066
284.91,53.757,129.02,-0.41238,0.11806,0.90333,0.0029483,0.82826
283.5,53.993,131.65,-0.53292,0.04067,0.84518,0.0029077,0.74862
281.73,54,134.06,-0.60349,0.0011732,0.79737,0.0029857,0.675
279.88,54,136.43,-0.60348,0,0.79738,0.0027628,0.56073
278.11,54,138.85,-0.56819,0.026951,0.82245,0.0032314,0.49959
276.48,54.161,141.36,-0.49681,0.1372,0.85695,0.0033146,0.57348
275.14,54.817,143.96,-0.35437,0.26465,0.89688,0.0035276,0.65409
274.37,55.738,146.7,-0.27347,0.25228,0.92821,0.0035126,0.79321
273.51,56.326,149.5,-0.26751,0.16929,0.94857,0.0034895,0.74749
272.77,56.75,152.37,-0.2111,0.25029,0.94488,0.0036179,0.64001
272.26,57.81,155.11,-0.22612,0.47789,0.84882,0.003477,0.63187
271.43,59.578,157.39,-0.25512,0.62394,0.73866,0.0036525,0.64222
270.73,61.545,159.54,-0.15367,0.68262,0.71443,0.0039285,0.65232
270.51,63.652,161.65,-0.0012785,0.70633,0.70789,0.0037714,0.72838
270.72,65.768,163.77,0.060388,0.70582,0.70582,0.003425,0.71396
270.88,67.884,165.88,-0.0054677,0.69532,0.71868,0.00333,0.72941
270.69,69.929,168.07,-0.043279,0.62217,0.78168,0.0035125,0.75129
270.62,71.601,170.55,-0.018976,0.51919,0.85445,0.0034938,0.7865
270.57,73.038,173.19,0.0064688,0.4869,0.87343,0.003524,0.75975
270.66,74.52,175.79,0.046913,0.52073,0.85243,0.00326,0.69679
270.85,76.157,178.29,0.1215,0.5215,0.84456,0.0031127,0.58712
271.38,77.641,180.84,0.16878,0.49335,0.8533,0.002908,0.63305
271.87,79.116,183.41,0.17969,0.51749,0.83661,0.0028959,0.47341
272.46,80.743,185.86,0.2095,0.53602,0.81779,0.0026662,0.60618
273.12,82.331,188.32,0.24824,0.49036,0.83542,0.0025298,0.66834
273.95,83.68,190.86,0.32167,0.43448,0.84129,0.0028463,0.46662
275.05,84.933,193.35,0.40832,0.4268,0.80692,0.0029629,0.59008
276.39,86.236,195.7,0.40749,0.45322,0.79281,0.003076,0.57632
277.49,87.647,198.1,0.27187,0.50281,0.82053,0.0034529,0.60621
278.01,89.234,200.59,0.14061,0.57907,0.80306,0.0032333,0.65481
278.33,91.109,202.9,0.10374,0.68859,0.71769,0.0031541,0.78707
278.63,93.348,204.87,0.087247,0.75565,0.64914,0.0034111,0.66519
278.85,95.641,206.79,0.096939,0.73885,0.66686,0.0030646,0.61152
279.21,97.772,208.87,0.16979,0.6757,0.71735,0.0031249,0.58639
279.87,99.681,211.09,0.24352,0.6524,0.71768,0.0029385,0.66767
280.67,101.68,213.17,0.25319,0.71621,0.65034,0.0028104,0.58385
281.38,103.96,214.97,0.21495,0.77744,0.59109,0.002689,0.46016
281.96,106.34,216.71,0.21635,0.76531,0.60622,0.0025443,0.34666
282.68,108.55,218.61,0.24684,0.71433,0.65483,0.0022945,0.49066
283.44,110.62,220.64,0.2596,0.66973,0.69575,0.0020748,0.48895
284.24,112.56,222.78,0.2264,0.62713,0.74529,0.0021253,0.40596
284.8,114.38,225.1,0.18395,0.57674,0.79595,0.0022568,0.32254
285.34,116.02,227.55,0.20477,0.5185,0.8302,0.0030072,0.54583
286.02,117.49,230.07,0.25634,0.47664,0.8409,0.0028225,0.57153
286.88,118.88,232.59,0.29717,0.49009,0.81945,0.0030073,0.51632
287.81,120.42,234.98,0.28372,0.56263,0.7765,0.0026725,0.56194
288.57,122.25,237.24,0.26414,0.56945,0.77843,0.0024142,0.65263
289.39,123.83,239.64,0.30838,0.42609,0.8505,0.0022379,0.68966
290.41,124.78,242.29,0.39512,0.18039,0.90074,0.0025221,0.77501
291.72,124.9,244.97,0.44353,-0.047863,0.89498,0.0025949,0.745
293.05,124.49,247.62,0.38007,-0.083833,0.92115,0.0026647,0.66865
293.99,124.4,250.45,0.21652,0.12726,0.96795,0.0022833,0.80974
294.32,125.24,253.29,0.117,0.34671,0.93065,0.002275,0.83831
294.69,126.46,256,0.20342,0.45841,0.86515,0.0023176,0.80948
295.53,127.97,258.45,0.29835,0.54773,0.78165,0.0022385,0.75141
296.47,129.74,260.67,0.33894,0.6393,0.69023,0.0023205,0.61311
297.56,131.79,262.57,0.41973,0.68133,0.59968,0.0021416,0.45519
298.98,133.82,264.26,0.52457,0.65201,0.54746,0.0016679,0.55079
300.7,135.69,265.85,0.57189,0.5994,0.56005,0.0019284,0.52051
302.41,137.41,267.62,0.54377,0.54247,0.64034,0.0021372,0.3294
303.95,138.94,269.68,0.50197,0.46119,0.73166,0.0021006,0.38457
305.41,140.16,271.99,0.49228,0.35821,0.79331,0.0021438,0.56436
306.9,141.08,274.43,0.49709,0.28345,0.8201,0.0019932,0.47446
308.39,141.86,276.91,0.4625,0.2894,0.83806,0.001845,0.74504
309.67,142.81,279.45,0.36815,0.32395,0.87151,0.0021092,0.71937
310.59,143.8,282.12,0.25773,0.34413,0.90286,0.0025228,0.73149
311.21,144.87,284.85,0.24271,0.38246,0.89152,0.003043,0.7517
312.04,146.09,287.46,0.31263,0.33865,0.88746,0.0035282,0.68964
313.07,146.89,290.15,0.20825,0.1989,0.95764,0.0034136,0.67996
313.27,147.26,293.1,-0.059787,0.18416,0.98108,0.0029328,0.87982
312.72,147.99,295.96,-0.11776,0.27921,0.95298,0.0026105,0.88709
312.57,148.93,298.8,0.070133,0.28594,0.95568,0.0025773,0.88307
313.13,149.69,301.63,0.20216,0.20661,0.95731,0.002686,0.75144
313.78,150.17,304.52,0.10238,0.1367,0.98531,0.0033197,0.80154
313.75,150.5,307.47,-0.24442,0.023605,0.96938,0.0035668,0.79901
312.37,150.3,310.1,-0.51446,-0.081675,0.85362,0.0040362,0.6125
310.68,150.01,312.55,-0.5011,-0.050596,0.86391,0.0025131,0.60582
309.38,150,315.25,-0.34425,-0.001715,0.93888,0.0013398,0.5909
308.63,150,318.15,-0.2275,0,0.97378,0.002278,0.64904
308.02,150,321.09,-0.2828,-0.0026873,0.95918,0.001367,0.58667
306.94,149.98,323.89,-0.32447,-0.072998,0.94308,0.0016358,0.6275
306.08,149.56,326.72,-0.29158,-0.23517,0.92719,0.0028437,0.70481
305.2,148.58,329.41,-0.43631,-0.38217,0.81461,0.0031094,0.65659
303.52,147.32,331.51,-0.66808,-0.40503,0.62419,0.0037495,0.67252
301.24,146.19,333.09,-0.74462,-0.42934,0.51109,0.0038738,0.57495
299.07,144.75,334.57,-0.64493,-0.56953,0.50961,0.0039005,0.45333
297.41,142.81,336.12,-0.44753,-0.70508,0.55007,0.0034214,0.57071
296.41,140.57,337.83,-0.25899,-0.71732,0.64682,0.0025102,0.8127
295.87,138.54,339.97,-0.18313,-0.61924,0.76355,0.0023463,0.84187
295.31,136.87,342.39,-0.20423,-0.52,0.82939,0.0024442,0.69292
294.65,135.43,344.94,-0.20761,-0.42313,0.88196,0.0023736,0.60127
294.07,134.34,347.67,-0.19431,-0.30323,0.9329,0.0029962,0.51284
293.49,133.61,350.52,-0.207,-0.29008,0.93435,0.0026434,0.5182
292.83,132.6,353.26,-0.15525,-0.38764,0.90864,0.0027275,0.57353
292.56,131.3,355.94,-0.099507,-0.38088,0.91925,0.0030822,0.73273
292.24,130.33,358.76,-0.17444,-0.21753,0.96034,0.0029521,0.6567
291.53,130.01,361.64,-0.19673,-0.043173,0.97951,0.0028608,0.71095
291.07,130.07,364.6,-0.063232,0.084223,0.99444,0.0027543,0.5655
291.15,130.51,367.56,0.0044463,0.23864,0.9711,0.0027124,0.40607
291.09,131.49,370.39,-0.07846,0.38604,0.91914,0.0024414,0.55882
290.68,132.81,373.04,-0.095869,0.47567,0.87438,0.0023671,0.48566
290.52,134.33,375.62,0.042815,0.49068,0.87028,0.0024135,0.59314
290.94,135.74,378.23,0.11085,0.47604,0.87241,0.0020368,0.66318
291.18,137.19,380.84,0.070746,0.50998,0.85727,0.002212,0.7075
291.36,138.79,383.37,0.05328,0.58162,0.81171,0.0022047,0.71597
291.5,140.67,385.7,-0.010064,0.62246,0.78259,0.0023616,0.78796
291.3,142.52,388.05,-0.11592,0.55655,0.82269,0.0021995,0.81785
290.81,143.99,390.61,-0.11684,0.46204,0.87913,0.0027123,0.69664
290.6,145.28,393.3,0.041443,0.48621,0.87286,0.0026537,0.76251
291.06,146.88,395.79,0.15988,0.57019,0.80581,0.0027443,0.73941
291.56,148.69,398.13,0.083471,0.62533,0.77589,0.002036,0.59402
291.56,150.61,400.43,-0.010724,0.65222,0.75796,0.0019593,0.38092
291.49,152.6,402.67,-0.016866,0.65149,0.75847,0.0018423,0.45664
291.46,154.52,404.98,-0.015202,0.63524,0.77216,0.0019878,0.53161
