347.82,311.83,131.83,-0.95559,-0.20839,-0.20839,0.0055292,0.50595
344.95,311.47,131.47,-0.99403,0.069263,0.084279,0.0051044,0.69657
342.19,312.25,132.34,-0.90599,0.25509,0.3378,0.0046361,0.78076
339.52,312.99,133.49,-0.8993,0.22842,0.37295,0.0043078,0.81654
336.8,313.62,134.57,-0.91005,0.17997,0.3734,0.0045893,0.81232
334.07,314.07,135.73,-0.8752,0.14379,0.46189,0.0049293,0.79124
331.58,314.48,137.33,-0.82338,0.099833,0.55864,0.0050979,0.75451
329.14,314.67,139.07,-0.83567,0.022271,0.54878,0.0051475,0.73671
326.57,314.61,140.62,-0.86906,-0.0091426,0.49461,0.005238,0.68999
323.93,314.61,142.03,-0.8948,0.039513,0.44472,0.0050294,0.65013
321.22,314.85,143.28,-0.91963,0.063005,0.3877,0.0047472,0.57009
318.42,314.99,144.36,-0.91324,0.025343,0.40664,0.004529,0.51051
315.76,315,145.71,-0.84937,0.0014335,0.5278,0.0045262,0.4625
313.36,315,147.51,-0.77127,0,0.63651,0.0042772,0.59898
311.14,315,149.52,-0.71716,0.012147,0.69681,0.0044514,0.53485
309.06,315.07,151.68,-0.68869,0.068106,0.72185,0.0047379,0.57743
307.01,315.41,153.85,-0.73842,0.15199,0.65699,0.0047639,0.17417
304.65,315.98,155.6,-0.76848,0.25846,0.58535,0.0051024,0.48602
302.42,316.95,157.35,-0.67276,0.40081,0.62189,0.004963,0.51874
300.65,318.36,159.31,-0.5542,0.49227,0.67122,0.0052656,0.59991
299.1,319.9,161.36,-0.52658,0.52526,0.66844,0.0050976,0.43288
297.49,321.52,163.31,-0.52886,0.5516,0.64501,0.0051714,0.41706
295.93,323.21,165.23,-0.49633,0.57172,0.6533,0.0051919,0.43564
294.52,324.94,167.23,-0.42757,0.56773,0.70346,0.0053191,0.47336
293.37,326.61,169.44,-0.37701,0.52289,0.76449,0.005242,0.46397
292.26,328.07,171.81,-0.41813,0.47298,0.77554,0.0052036,0.47421
290.86,329.44,174.09,-0.48092,0.43685,0.76018,0.0049246,0.27771
289.37,330.69,176.37,-0.53261,0.46524,0.70702,0.0048547,0.50598
287.68,332.22,178.31,-0.63291,0.53239,0.56212,0.0046937,0.56211
285.61,333.86,179.71,-0.7371,0.53566,0.41201,0.0043481,0.61512
283.28,335.42,180.77,-0.79965,0.51087,0.31555,0.0041773,0.55199
280.82,336.92,181.6,-0.83953,0.50463,0.20135,0.0039333,0.49152
278.26,338.43,181.97,-0.85868,0.49713,0.12463,0.0037344,0.55004
275.68,339.9,182.35,-0.86117,0.46203,0.21195,0.0039987,0.54359
273.13,341.19,183.24,-0.82427,0.41388,0.38638,0.0041621,0.46943
270.76,342.37,184.65,-0.80242,0.36519,0.47198,0.004309,0.54114
268.32,343.38,186.06,-0.89835,0.27775,0.34032,0.0044876,0.56924
265.48,344,186.66,-0.97652,0.18888,0.10361,0.0045043,0.49145
262.52,344.5,186.67,-0.98666,0.15636,0.045266,0.0042315,0.5314
259.57,344.94,186.93,-0.98826,0.14423,0.050437,0.0042262,0.47741
256.6,345.36,186.98,-0.97918,0.19634,-0.051529,0.004481,0.3088
253.72,346.11,186.62,-0.94072,0.30963,-0.13845,0.0046299,0.42675
250.97,347.21,186.15,-0.8859,0.42747,-0.18013,0.0044652,0.38625
248.42,348.67,185.55,-0.83238,0.52292,-0.18357,0.0045568,0.46012
245.99,350.34,185.05,-0.80754,0.55535,-0.19866,0.004778,0.51831
243.58,352,184.36,-0.80783,0.53878,-0.23899,0.0047357,0.52444
241.14,353.57,183.62,-0.81596,0.52806,-0.23529,0.0049429,0.53517
238.69,355.16,182.95,-0.84433,0.49924,-0.19461,0.0048092,0.52912
236.09,356.57,182.45,-0.88208,0.42851,-0.19574,0.0049275,0.58726
233.41,357.73,181.77,-0.89885,0.36168,-0.24751,0.0048359,0.70965
230.7,358.73,180.97,-0.87849,0.31559,-0.35869,0.0050181,0.69407
228.17,359.61,179.64,-0.82604,0.27408,-0.49248,0.0050081,0.66667
225.76,360.37,178.02,-0.80685,0.20652,-0.55348,0.0051785,0.68969
223.34,360.85,176.32,-0.86201,0.096976,-0.49753,0.0050912,0.66984
220.63,360.95,175.06,-0.91721,-0.046826,-0.39563,0.004892,0.7779
217.87,360.57,173.96,-0.9261,-0.14252,-0.34933,0.0050411,0.75871
215.08,360.09,172.96,-0.92484,-0.16484,-0.34278,0.0049239,0.80357
212.32,359.58,171.91,-0.89222,-0.19724,-0.40625,0.0049833,0.80286
209.74,358.91,170.53,-0.87769,-0.22403,-0.42365,0.0052075,0.76874
207.07,358.24,169.37,-0.94094,-0.21894,-0.25828,0.0052763,0.76079
204.17,357.62,169,-0.97803,-0.19899,-0.062191,0.0051032,0.73161
201.22,357.05,169,-0.97869,-0.20534,0.0017988,0.0052229,0.78445
198.3,356.39,169.01,-0.96239,-0.2629,0.068558,0.005236,0.79441
195.47,355.48,169.41,-0.90855,-0.33911,0.24402,0.0051012,0.76583
192.9,354.37,170.46,-0.82998,-0.41369,0.37417,0.0051665,0.7534
190.51,353,171.65,-0.83063,-0.45884,0.31546,0.005506,0.7052
187.95,351.64,172.35,-0.89521,-0.41979,0.14959,0.0053829,0.60811
185.18,350.51,172.54,-0.93062,-0.36596,-0.0027728,0.0052744,0.52263
182.38,349.45,172.33,-0.92758,-0.36554,-0.077318,0.0053248,0.55247
179.62,348.32,172.07,-0.90879,-0.41585,-0.034245,0.0048917,0.59846
176.95,346.96,172.12,-0.85451,-0.51784,0.040719,0.0053215,0.63802
174.52,345.23,172.31,-0.86217,-0.50306,-0.059918,0.0056102,0.49281
171.86,343.99,171.77,-0.92041,-0.30455,-0.24515,0.0051402,0.53946
169.07,343.42,170.86,-0.9356,-0.14735,-0.32085,0.0044557,0.53329
166.26,343.11,169.85,-0.94592,-0.031018,-0.32291,0.0048629,0.48233
163.42,343.24,168.93,-0.96293,0.11246,-0.24519,0.0049715,0.58832
160.52,343.78,168.39,-0.96715,0.21226,-0.13987,0.0051245,0.62111
157.63,344.51,168.09,-0.97591,0.20751,-0.067379,0.0056806,0.58395
154.68,345.02,167.99,-0.98514,0.15906,-0.064771,0.0053775,0.59714
151.72,345.46,167.71,-0.9743,0.16926,-0.14862,0.0055563,0.62327
148.85,346.03,167.1,-0.95437,0.18719,-0.23267,0.0052694,0.59916
146,346.59,166.31,-0.93479,0.15695,-0.31863,0.0051836,0.59878
143.25,346.97,165.19,-0.8773,0.12343,-0.4638,0.005069,0.57699
140.78,347.32,163.55,-0.78031,0.16632,-0.60288,0.0048783,0.50959
138.6,347.97,161.59,-0.7237,0.21738,-0.65498,0.0048277,0.52038
136.44,348.62,159.62,-0.75254,0.15214,-0.64073,0.005014,0.44125
134.1,348.88,157.77,-0.81487,-0.018138,-0.57935,0.0052289,0.41209
131.59,348.52,156.18,-0.85551,-0.11169,-0.5056,0.0053931,0.50532
128.98,348.21,154.74,-0.8997,-0.027723,-0.43563,0.0048283,0.56615
126.22,348.35,153.57,-0.93691,0.078946,-0.34053,0.004971,0.63438
123.37,348.68,152.7,-0.94519,0.19754,-0.25999,0.005053,0.66644
120.59,349.52,152.03,-0.89396,0.38399,-0.23105,0.0048839,0.6985
118.06,350.97,151.33,-0.84094,0.46336,-0.27948,0.0046749,0.70046
115.56,352.3,150.35,-0.8405,0.39353,-0.37243,0.0046947,0.70441
113.03,353.32,149.1,-0.846,0.33987,-0.41081,0.0049268,0.6722
110.48,354.34,147.89,-0.8573,0.36739,-0.36064,0.0048327,0.70956
107.9,355.52,146.94,-0.84419,0.42282,-0.32951,0.0045376,0.73831
105.42,356.87,145.91,-0.80738,0.47916,-0.34431,0.0047374,0.70486
103.06,358.39,144.88,-0.76222,0.5822,-0.28294,0.0051161,0.6785
100.88,360.34,144.23,-0.69766,0.70803,-0.10938,0.005229,0.65519
98.92,362.59,144.23,-0.64862,0.75838,0.064474,0.0051487,0.62334
