281.14,189,5.9143,-0.95784,-1.8915e-14,0.28729,0.0040556,0.42159
278.26,189,6.7216,-0.97017,-0.012672,0.24208,0.0039935,0.56141
275.33,188.92,7.3651,-0.95746,-0.084257,0.27601,0.0040925,0.6685
272.55,188.5,8.3657,-0.89164,-0.17788,0.41633,0.0041542,0.68512
270.02,187.86,9.8468,-0.83141,-0.23177,0.50501,0.0036933,0.64746
267.56,187.11,11.392,-0.81994,-0.35309,0.45058,0.0035267,0.74304
265.15,185.77,12.525,-0.79253,-0.49958,0.34975,0.003552,0.72954
262.83,184.12,13.482,-0.79095,-0.52218,0.31895,0.0034492,0.71258
260.41,182.64,14.436,-0.83595,-0.41475,0.35939,0.0034705,0.60738
257.84,181.65,15.625,-0.87165,-0.26662,0.41127,0.003848,0.45578
255.19,181.04,16.896,-0.87181,-0.18839,0.45217,0.0040326,0.55712
252.62,180.52,18.336,-0.82754,-0.15143,0.5406,0.0041766,0.63209
250.25,180.14,20.125,-0.74768,-0.086704,0.65837,0.0043839,0.56354
248.15,180,22.266,-0.6757,-0.025881,0.73672,0.0043477,0.62435
246.2,179.98,24.541,-0.63828,-0.039089,0.76882,0.0041758,0.78831
244.33,179.77,26.874,-0.62979,-0.099899,0.77032,0.0037981,0.8627
242.42,179.38,29.159,-0.66312,-0.08719,0.74342,0.0031578,0.86006
240.36,179.25,31.323,-0.67634,0.054102,0.7346,0.003156,0.89986
238.4,179.71,33.535,-0.66397,0.21873,0.71505,0.0034034,0.86238
236.39,180.55,35.595,-0.75523,0.28951,0.58805,0.0035512,0.79296
233.92,181.42,37.024,-0.84282,0.32895,0.42597,0.0037665,0.70523
231.36,182.52,38.14,-0.8578,0.35976,0.36707,0.0039211,0.57976
228.77,183.58,39.225,-0.91375,0.25032,0.32,0.0039527,0.51478
225.94,184.01,40.039,-0.94529,-0.02036,0.3256,0.0041737,0.37631
223.21,183.45,41.141,-0.89877,-0.16666,0.4055,0.0040253,0.30112
220.56,183.01,42.468,-0.91065,-0.1527,0.38393,0.0037237,0.62963
217.77,182.54,43.438,-0.94537,-0.19635,0.26025,0.0035276,0.52755
214.92,181.84,44.021,-0.94904,-0.21413,0.23122,0.0031781,0.31213
212.09,181.26,44.822,-0.93295,-0.13901,0.33209,0.0032141,0.2271
209.34,181.01,46.004,-0.93814,-0.032841,0.34469,0.0035381,0.40808
206.48,181.06,46.882,-0.96675,0.054424,0.24987,0.0036951,0.26457
203.56,181.33,47.499,-0.97065,0.086762,0.2243,0.0040743,0.47811
200.66,181.58,48.227,-0.97107,0.086039,0.22275,0.0042667,0.62926
197.74,181.85,48.834,-0.96199,0.16077,0.22076,0.0041313,0.65273
194.91,182.54,49.546,-0.91953,0.2599,0.29483,0.0042813,0.58291
192.24,183.4,50.597,-0.91614,0.25364,0.3104,0.0042971,0.6782
189.43,184.06,51.404,-0.95745,0.19384,0.21382,0.0039012,0.69673
186.51,184.56,51.876,-0.96306,0.20318,0.17672,0.0039595,0.6369
183.66,185.28,52.462,-0.92138,0.28879,0.26009,0.0040423,0.63711
181.01,186.29,53.428,-0.84521,0.38769,0.36785,0.0039919,0.5886
178.61,187.6,54.66,-0.78588,0.41172,0.46138,0.004237,0.52694
176.31,188.75,56.19,-0.78264,0.33602,0.52399,0.0044722,0.61786
173.93,189.61,57.796,-0.82024,0.2911,0.49241,0.0046915,0.72553
171.4,190.49,59.136,-0.85569,0.3465,0.38435,0.0041495,0.6784
168.82,191.68,60.091,-0.8546,0.39812,0.3334,0.0039226,0.72631
166.28,192.88,61.135,-0.86559,0.39351,0.30968,0.0040125,0.75991
163.64,194.03,61.946,-0.89141,0.40617,0.20104,0.0039685,0.77168
160.95,195.31,62.336,-0.89919,0.41255,0.14583,0.0036565,0.67357
158.24,196.51,62.82,-0.90945,0.35744,0.21244,0.0035375,0.60749
155.51,197.45,63.607,-0.93677,0.28964,0.19638,0.0035224,0.53624
152.65,198.24,63.994,-0.95696,0.26458,0.11925,0.003248,0.3231
149.78,199.03,64.321,-0.95829,0.20387,0.20029,0.0029266,0.52478
146.94,199.45,65.187,-0.95168,0.12563,0.28022,0.0030552,0.48125
144.08,199.78,66,-0.93614,0.18638,0.29815,0.0027287,0.63526
141.35,200.56,66.967,-0.85441,0.31932,0.4099,0.0029017,0.64261
139,201.68,68.435,-0.73496,0.43067,0.52378,0.0029407,0.45744
136.97,203.13,70.094,-0.68355,0.51462,0.51762,0.003374,0.45113
134.9,204.76,71.537,-0.74876,0.51265,0.42017,0.0036193,0.40533
132.5,206.19,72.601,-0.87548,0.41584,0.24621,0.0038103,0.54066
129.72,207.22,72.994,-0.94419,0.30981,0.11186,0.0033723,0.65884
126.85,208.05,73.27,-0.95079,0.27482,0.14308,0.0034638,0.70349
124.03,208.87,73.851,-0.92049,0.32047,0.22359,0.0033809,0.70281
121.34,209.96,74.608,-0.85678,0.42189,0.29654,0.0030554,0.80009
118.91,211.39,75.622,-0.78268,0.4897,0.38421,0.0029387,0.83415
116.66,212.89,76.908,-0.73753,0.50194,0.45178,0.0028254,0.86682
114.49,214.4,78.331,-0.69323,0.54115,0.47601,0.0030496,0.84166
112.51,216.14,79.759,-0.64414,0.5888,0.48826,0.0031036,0.81738
110.63,217.93,81.258,-0.62305,0.62418,0.47139,0.0031913,0.68602
108.77,219.88,82.584,-0.63743,0.67632,0.36915,0.0029054,0.60868
106.82,221.97,83.464,-0.63303,0.73834,0.23264,0.002617,0.64795
104.99,224.29,83.974,-0.61777,0.76661,0.17511,0.0029649,0.47005
103.11,226.57,84.514,-0.631,0.74719,0.20867,0.0031646,0.49471
101.21,228.77,85.225,-0.61217,0.72214,0.32211,0.0035509,0.7302
99.462,230.88,86.434,-0.48897,0.7127,0.50296,0.0038674,0.78266
98.31,232.99,88.204,-0.32478,0.67069,0.66685,0.004183,0.74669
97.529,234.87,90.406,-0.30663,0.58228,0.75295,0.0043585,0.74229
96.477,236.47,92.705,-0.39934,0.5165,0.75747,0.0042997,0.71624
95.139,237.96,94.939,-0.42894,0.51127,0.74472,0.0038258,0.41421
93.905,239.54,97.172,-0.40531,0.5318,0.74358,0.0035852,0.51178
92.707,241.15,99.401,-0.41428,0.53012,0.73983,0.0032419,0.44713
91.42,242.72,101.61,-0.47533,0.47575,0.74008,0.0033274,0.37579
89.864,244,103.83,-0.57013,0.37925,0.72878,0.0035583,0.6065
88.011,244.99,105.97,-0.64533,0.32049,0.69343,0.0039558,0.65197
85.996,245.92,107.98,-0.69262,0.34981,0.6308,0.0038583,0.66482
83.866,247.08,109.74,-0.73898,0.42535,0.52249,0.0038006,0.66228
81.582,248.46,111.1,-0.77628,0.49505,0.39027,0.0037728,0.55251
79.227,250.04,112.07,-0.77824,0.55296,0.2976,0.0036959,0.6977
76.919,251.77,112.89,-0.74156,0.61371,0.27103,0.003806,0.80029
74.783,253.71,113.7,-0.6808,0.67965,0.27311,0.0038462,0.80504
72.84,255.84,114.52,-0.59871,0.74894,0.28396,0.0040071,0.78812
71.201,258.2,115.4,-0.54071,0.79349,0.27929,0.0039285,0.78552
69.597,260.6,116.2,-0.5178,0.81152,0.27078,0.003921,0.77282
68.096,263.06,117.02,-0.40621,0.86676,0.28934,0.0036507,0.76122
67.177,265.76,117.92,-0.18463,0.9382,0.29272,0.0034955,0.80296
67,268.63,118.76,-0.029537,0.95367,0.29941,0.0034585,0.80203
67,271.47,119.71,-0,0.92135,0.38874,0.0034291,0.75129
67,274.14,121.08,-0,0.87825,0.47821,0.0034879,0.76459
67,276.74,122.58,0,0.86699,0.49833,0.0037086,0.7801
67,279.34,124.07,-0.014891,0.8497,0.52706,0.0038144,0.84377
66.911,281.83,125.74,-0.082984,0.79892,0.59568,0.0039835,0.82718
66.504,284.12,127.63,-0.16341,0.6955,0.6997,0.0039175,0.78602
65.938,285.97,129.91,-0.20339,0.476,0.8556,0.0041269,0.81901
65.307,286.92,132.67,-0.19665,0.26792,0.94316,0.0041537,0.81837
64.763,287.57,135.54,-0.13709,0.27507,0.9516,0.0040296,0.81139
64.487,288.56,138.35,-0.12374,0.38271,0.91554,0.0039511,0.84096
64.025,289.86,141.01,-0.19471,0.48693,0.85146,0.0037888,0.8366
63.324,291.47,143.44,-0.31045,0.5623,0.76644,0.0034522,0.85845
62.176,293.21,145.58,-0.52679,0.53391,0.66139,0.0035933,0.92227
60.216,294.62,147.34,-0.62937,0.42825,0.64845,0.0039533,0.94365
58.437,295.75,149.43,-0.46488,0.37628,0.80143,0.0040287,0.93193
57.49,296.83,152.06,-0.35706,0.31628,0.87891,0.0044433,0.91759
56.305,297.64,154.68,-0.52924,0.14746,0.83556,0.0040316,0.9187
54.388,297.7,156.96,-0.65553,-0.063443,0.7525,0.0038623,0.92344
52.399,297.26,159.16,-0.60466,-0.11584,0.78802,0.0039303,0.91763
50.78,297.01,161.66,-0.46356,-0.044167,0.88497,0.0041952,0.90885
49.64,297,164.43,-0.37944,-0.0011666,0.92521,0.0040286,0.91338
48.504,297,167.21,-0.3555,0,0.93468,0.0041237,0.84914
47.508,297,170.04,-0.24502,0,0.96952,0.0041753,0.82255
47.041,297,172.99,-0.025613,-0.035354,0.99905,0.0040674,0.84513
47.357,296.79,175.96,0.077143,-0.11239,0.99067,0.0039215,0.84409
47.502,296.33,178.92,-0.019199,-0.1551,0.98771,0.0039156,0.73039
47.243,295.86,181.87,-0.14717,-0.079647,0.9859,0.0044651,0.58381
46.624,295.85,184.8,-0.18418,0.05678,0.98125,0.0045047,0.58199
46.141,296.2,187.74,-0.13759,0.1288,0.98208,0.0043507,0.58396
45.799,296.62,190.69,-0.13994,0.042517,0.98925,0.0046754,0.64675
45.307,296.46,193.63,-0.10428,-0.17747,0.97859,0.0047262,0.67894
45.181,295.58,196.48,0.029759,-0.26849,0.96282,0.0045324,0.6961
45.486,294.86,199.36,-0.022201,-0.079943,0.99655,0.0043227,0.7485
45.06,295.1,202.28,-0.22895,0.15547,0.96094,0.0039996,0.81462
44.124,295.79,205.04,-0.33102,0.21235,0.91942,0.0040903,0.87979
43.075,296.37,207.79,-0.33242,0.17593,0.92658,0.0040214,0.87594
42.131,296.84,210.6,-0.32191,0.12997,0.93781,0.0037187,0.88666
41.145,297.15,213.42,-0.39551,0.083828,0.91463,0.0035671,0.87693
39.768,297.34,216.07,-0.51335,0.007637,0.85814,0.0039886,0.86778
38.08,297.2,218.54,-0.60961,-0.11624,0.78413,0.0043857,0.77271
36.131,296.65,220.75,-0.68869,-0.18987,0.69975,0.0045858,0.70146
33.959,296.06,222.73,-0.70085,-0.21887,0.6789,0.0044258,0.66997
31.934,295.34,224.81,-0.64947,-0.1698,0.74118,0.0045221,0.6145
30.083,295.05,227.15,-0.66148,0.033911,0.7492,0.0041868,0.62083
28.014,295.54,229.25,-0.70304,0.19387,0.68421,0.0038489,0.62472
