17.906,228.67,114.04,0.70243,-0.57036,-0.42577,0.0043596,0.48856
19.952,226.89,112.77,0.67961,-0.65378,-0.33271,0.0039594,0.67181
21.943,224.79,112.06,0.73506,-0.67205,-0.089641,0.0039566,0.78951
24.282,222.93,112.25,0.7879,-0.61417,0.044868,0.0038767,0.78184
26.663,221.11,112.33,0.80806,-0.58694,-0.050418,0.0038134,0.71773
29.108,219.43,111.95,0.82001,-0.54376,-0.17862,0.0035924,0.7051
31.57,217.86,111.26,0.84205,-0.48817,-0.22943,0.0038028,0.80099
34.154,216.5,110.57,0.86864,-0.4437,-0.22046,0.0035256,0.75018
36.78,215.2,109.94,0.87276,-0.46318,-0.15414,0.0035201,0.7792
39.371,213.73,109.65,0.84261,-0.53577,-0.054387,0.0035268,0.76529
41.815,211.99,109.61,0.8197,-0.57264,-0.013136,0.0035544,0.75392
44.288,210.3,109.57,0.8408,-0.54134,-0.0036588,0.0033994,0.6359
46.853,208.75,109.59,0.86948,-0.48673,0.084297,0.0037154,0.60607
49.478,207.39,110.08,0.91053,-0.38548,0.14948,0.0033769,0.58045
52.286,206.45,110.48,0.96409,-0.26551,-0.0055961,0.0031609,0.1881
55.177,205.82,110.04,0.95239,-0.27234,-0.13709,0.0025638,0.51839
57.971,204.82,109.66,0.93793,-0.34475,-0.03785,0.0022365,0.54756
60.772,203.77,109.82,0.94866,-0.31149,0.054926,0.0018974,0.74435
63.654,202.96,109.99,0.9622,-0.27063,0.030413,0.0018851,0.71602
66.541,202.14,110,0.96356,-0.2675,0.0011569,0.0021404,0.7295
69.433,201.35,110,0.97623,-0.21514,0.026354,0.0024852,0.7856
72.384,200.85,110.16,0.98022,-0.16624,0.10739,0.0026833,0.73765
75.302,200.36,110.64,0.96134,-0.18521,0.20377,0.0028785,0.75529
78.142,199.75,111.38,0.92093,-0.21684,0.32382,0.0031332,0.78722
80.797,199.06,112.57,0.86342,-0.22999,0.44901,0.0032976,0.76849
83.306,198.37,114.06,0.84938,-0.21067,0.48392,0.0035089,0.81212
85.89,197.8,115.48,0.87493,-0.20525,0.4386,0.0032577,0.80391
88.55,197.14,116.69,0.90007,-0.23793,0.36506,0.0031085,0.75443
91.278,196.38,117.66,0.92932,-0.23194,0.28736,0.0029478,0.61075
94.114,195.75,118.41,0.95831,-0.23042,0.16896,0.0027972,0.63433
96.999,195,118.67,0.96694,-0.24857,0.056913,0.0030394,0.62739
99.9,194.26,118.75,0.97009,-0.16839,0.17483,0.0031139,0.58094
102.71,194.01,119.69,0.90073,-0.044935,0.43205,0.0029631,0.7054
105.23,194,121.32,0.84359,-0.00097628,0.53699,0.0031317,0.72425
107.77,194,122.91,0.906,-0,0.42328,0.0032672,0.61278
110.61,194,123.83,0.98262,0.0020087,0.18561,0.0035263,0.64996
113.6,194.01,124.01,0.99481,0.056639,0.08457,0.0034707,0.72197
116.55,194.34,124.34,0.98433,0.13045,0.11863,0.0034598,0.79126
119.49,194.79,124.72,0.97684,0.19838,0.08019,0.003567,0.83509
122.4,195.52,124.82,0.95772,0.2843,-0.044055,0.0037125,0.76384
125.2,196.49,124.46,0.92775,0.27532,-0.25195,0.003171,0.63505
127.89,197.15,123.33,0.88485,0.18455,-0.42776,0.0029648,0.75815
130.49,197.59,121.9,0.88604,0.1764,-0.42873,0.0024653,0.79916
133.19,198.21,120.76,0.92362,0.21269,-0.31887,0.0022567,0.79452
136.02,198.86,120,0.94877,0.22275,-0.22411,0.0016436,0.73242
138.88,199.55,119.42,0.96646,0.12128,-0.22637,0.0020922,0.59696
141.77,199.59,118.65,0.96089,-0.064672,-0.26927,0.0025911,0.71924
144.62,199.16,117.81,0.96397,-0.097877,-0.24736,0.0023579,0.78311
147.53,199,117.17,0.98309,-0.055406,-0.17455,0.0024683,0.60074
150.5,198.83,116.76,0.97138,-0.082506,-0.22273,0.0028101,0.76002
153.33,198.51,115.84,0.929,-0.036029,-0.36832,0.0032271,0.73063
156.04,198.61,114.57,0.89296,0.076467,-0.4436,0.0031102,0.79753
158.67,198.97,113.18,0.88033,0.11549,-0.4601,0.0029437,0.81348
161.31,199.3,111.81,0.91656,0.18028,-0.35695,0.0029472,0.74611
164.11,200.04,111.06,0.94808,0.2415,-0.20695,0.0028017,0.75092
166.98,200.75,110.57,0.95989,0.18936,-0.20676,0.003018,0.72381
169.86,201.17,109.83,0.95718,0.15584,-0.24398,0.0030068,0.7142
172.72,201.68,109.11,0.96191,0.21742,-0.16568,0.0029368,0.61858
175.6,202.47,108.84,0.9771,0.21112,-0.026554,0.0031024,0.60144
178.56,202.94,108.95,0.99589,0.089391,0.014322,0.003006,0.47253
181.55,203,108.92,0.99029,0.0081507,-0.13879,0.0027502,0.61979
184.43,202.99,108.13,0.91877,-0.03766,-0.39299,0.0027606,0.51767
186.99,202.78,106.6,0.84599,-0.05563,-0.53028,0.0031082,0.64261
189.49,202.66,104.96,0.85827,0.0021996,-0.51319,0.0036004,0.53729
192.12,202.79,103.52,0.88414,0.070584,-0.46186,0.0034495,0.52189
194.79,203.08,102.19,0.88564,0.14574,-0.44091,0.0034998,0.39488
197.42,203.66,100.89,0.8725,0.31901,-0.3701,0.0032777,0.50687
199.95,204.97,99.997,0.83734,0.45755,-0.29917,0.0031872,0.62349
202.42,206.39,99.099,0.83587,0.38026,-0.39589,0.0032367,0.68459
204.91,207.22,97.652,0.80861,0.2619,-0.52684,0.0029204,0.74475
207.26,207.96,95.948,0.76358,0.28711,-0.57838,0.0032731,0.7802
209.48,208.94,94.187,0.73156,0.31354,-0.6054,0.0032559,0.76695
211.65,209.84,92.317,0.72365,0.27829,-0.63158,0.0034093,0.71224
213.82,210.61,90.399,0.74416,0.25493,-0.61744,0.0035795,0.75374
216.11,211.37,88.615,0.76401,0.29592,-0.57334,0.0028709,0.83419
218.39,212.38,86.967,0.68182,0.43164,-0.5906,0.0028155,0.84275
220.15,213.93,85.114,0.49617,0.57565,-0.64996,0.0027903,0.85164
221.34,215.8,83.103,0.34716,0.6201,-0.70353,0.0028304,0.82532
222.23,217.64,80.904,0.32326,0.57218,-0.75373,0.0026459,0.79207
223.28,219.23,78.59,0.35981,0.49692,-0.78969,0.0025333,0.68325
224.38,220.62,76.172,0.42024,0.41061,-0.8092,0.0030213,0.47286
225.79,221.68,73.75,0.49098,0.30078,-0.8176,0.0028568,0.39924
227.32,222.41,71.284,0.53063,0.1301,-0.83756,0.0026997,0.52448
228.95,222.46,68.77,0.49689,-0.086401,-0.8635,0.0027917,0.67867
230.27,221.9,66.149,0.3903,-0.22157,-0.89363,0.0029183,0.74383
231.28,221.13,63.431,0.25656,-0.28447,-0.92372,0.0029899,0.66569
231.81,220.2,60.632,0.14512,-0.35497,-0.92355,0.0032957,0.44881
232.14,219.01,57.905,0.1779,-0.45246,-0.87386,0.0035006,0.50434
232.87,217.5,55.418,0.2945,-0.48419,-0.82391,0.0029504,0.60286
233.91,216.11,52.974,0.34011,-0.40206,-0.8501,0.0021387,0.61849
234.9,215.1,50.334,0.33891,-0.31581,-0.88623,0.002127,0.53184
235.94,214.22,47.662,0.37248,-0.22666,-0.89994,0.0019158,0.67773
237.13,213.74,44.954,0.47304,-0.11904,-0.87297,0.0022611,0.7009
238.76,213.51,42.454,0.59014,-0.038197,-0.8064,0.0023228,0.73412
240.66,213.51,40.132,0.65892,0.049444,-0.75058,0.0023029,0.78656
242.71,213.8,37.96,0.72353,0.097916,-0.68332,0.0028122,0.61074
244.99,214.1,36.044,0.81073,0.11777,-0.57346,0.0030573,0.64983
247.55,214.51,34.536,0.88645,0.13731,-0.442,0.0028758,0.75624
250.29,214.92,33.401,0.94932,0.054773,-0.30951,0.0029836,0.79962
253.18,214.84,32.697,0.97066,-0.17387,-0.16609,0.0029306,0.68687
256.01,213.89,32.423,0.90683,-0.40069,-0.13084,0.0028375,0.63263
258.58,212.45,31.917,0.85107,-0.47855,-0.21606,0.002381,0.68905
261.1,211.03,31.129,0.83368,-0.49395,-0.24697,0.0025409,0.6906
263.58,209.49,30.437,0.80028,-0.55569,-0.22532,0.0033375,0.64756
265.89,207.7,29.781,0.74952,-0.64912,-0.12985,0.0035025,0.72815
268.04,205.62,29.663,0.67074,-0.74156,0.013625,0.0035865,0.67796
269.89,203.28,29.862,0.52046,-0.8521,0.05522,0.003763,0.76402
271.13,200.56,29.991,0.37329,-0.92736,-0.025777,0.0037984,0.76654
272.12,197.75,29.707,0.35446,-0.92295,-0.15005,0.0038594,0.78346
273.25,195.04,29.093,0.37782,-0.90294,-0.20481,0.0032439,0.70394
274.39,192.33,28.479,0.32713,-0.93088,-0.16266,0.0031812,0.76002
275.21,189.48,28.121,0.19714,-0.97708,-0.080348,0.0031543,0.81622
275.56,186.5,28,0.16881,-0.98544,-0.020186,0.0032965,0.86008
276.22,183.58,28,0.27315,-0.96197,0,0.003078,0.79925
277.2,180.74,28,0.32787,-0.94472,0,0.0031226,0.78123
278.18,177.92,28,0.48463,-0.87472,0.0030896,0.0026411,0.85466
280.05,175.59,28.018,0.72287,-0.68799,0.064263,0.0023011,0.85798
282.46,173.85,28.381,0.79862,-0.57802,0.16761,0.0018776,0.68634
284.83,172.13,29.022,0.79787,-0.58365,0.15086,0.0016048,0.41273
287.23,170.36,29.284,0.84215,-0.53914,-0.010604,0.0017422,0.57122
289.83,168.92,28.959,0.9208,-0.38782,-0.041442,0.0015431,0.66334
292.69,168.06,29.037,0.9446,-0.32227,0.062182,0.0018058,0.64526
295.47,167,29.331,0.89312,-0.4487,0.031651,0.0023462,0.58426
298,165.4,29.225,0.80868,-0.58576,-0.053989,0.0023476,0.72448
300.31,163.5,29.008,0.76905,-0.63544,-0.069163,0.0028104,0.65272
302.61,161.58,28.81,0.78744,-0.61091,-0.082032,0.0030118,0.55845
305.03,159.84,28.516,0.84687,-0.52927,-0.051795,0.0034031,0.64273
307.67,158.42,28.501,0.88856,-0.4586,-0.011872,0.0033376,0.66776
310.35,157.09,28.445,0.87064,-0.47708,-0.11988,0.0033828,0.77297
312.85,155.58,27.788,0.81122,-0.50974,-0.28651,0.0031908,0.72599
315.2,154.04,26.732,0.77452,-0.49665,-0.39174,0.0030992,0.7436
317.49,152.61,25.442,0.82122,-0.42146,-0.38467,0.0033574,0.77654
320.1,151.53,24.438,0.91386,-0.3278,-0.2396,0.003449,0.78459
322.93,150.66,24.018,0.97023,-0.23013,-0.075471,0.0032112,0.7507
325.88,150.16,23.989,0.98652,-0.1571,-0.045889,0.003372,0.77407
328.84,149.72,23.743,0.97586,-0.19248,-0.10315,0.0033613,0.75508
331.73,149,23.371,0.9763,-0.20557,-0.067653,0.0033109,0.7033
334.68,148.49,23.338,0.98779,-0.15469,-0.018401,0.0032231,0.68428
337.65,148.08,23.261,0.98218,-0.18017,-0.053475,0.0030611,0.61165
340.56,147.41,23.018,0.97805,-0.20425,-0.041348,0.0030039,0.66272
343.51,146.85,23.013,0.9811,-0.18914,0.040879,0.002669,0.66588
346.44,146.27,23.262,0.95743,-0.28616,0.037913,0.002746,0.51116
349.21,145.15,23.24,0.88984,-0.4532,-0.052886,0.0030945,0.60472
351.74,143.58,22.947,0.78635,-0.60738,-0.11289,0.0035717,0.68931
353.89,141.53,22.567,0.69902,-0.70493,-0.12021,0.004125,0.75127
