336.69,79.864,274.83,-0.49919,0.79989,0.33314,0.0037505,0.66431
335.18,82.242,275.86,-0.51632,0.77574,0.36283,0.0039716,0.60824
333.59,84.515,277,-0.56775,0.75558,0.32673,0.0045473,0.40874
331.79,86.759,277.82,-0.63701,0.75137,0.17224,0.0047149,0.4459
329.8,88.99,278.03,-0.71604,0.6916,0.094677,0.0048252,0.39859
327.51,90.888,278.38,-0.79403,0.57363,0.20114,0.0048201,0.37803
325.07,92.404,279.23,-0.79603,0.5026,0.33723,0.0050042,0.49099
322.75,93.894,280.4,-0.74444,0.52011,0.41869,0.0046051,0.4423
320.61,95.519,281.73,-0.68906,0.58275,0.43081,0.0043615,0.47135
318.62,97.384,282.98,-0.64884,0.65458,0.38799,0.0042073,0.45425
316.73,99.439,284.06,-0.62926,0.71646,0.3012,0.0038807,0.37232
314.86,101.67,284.78,-0.62842,0.73244,0.26194,0.0034675,0.38816
312.96,103.83,285.63,-0.66756,0.67321,0.31803,0.0032968,0.53208
310.87,105.7,286.68,-0.69333,0.60359,0.39367,0.0036633,0.62538
308.81,107.45,287.99,-0.65096,0.6095,0.4525,0.0040268,0.4679
306.97,109.35,289.39,-0.58741,0.65345,0.47745,0.0040326,0.54225
305.29,111.36,290.85,-0.57191,0.66557,0.47951,0.0039287,0.52754
303.54,113.34,292.27,-0.619,0.61589,0.48736,0.0038665,0.55429
301.58,115.05,293.77,-0.67658,0.51899,0.52239,0.0037849,0.57677
299.49,116.44,295.4,-0.70637,0.43193,0.56078,0.0038806,0.66555
297.35,117.64,297.13,-0.7071,0.40433,0.58011,0.0038537,0.73343
295.25,118.87,298.88,-0.68947,0.43996,0.57538,0.0037779,0.66068
293.21,120.27,300.58,-0.66952,0.50588,0.5439,0.0035626,0.7218
291.24,121.9,302.14,-0.66229,0.56776,0.4889,0.0037797,0.71085
289.24,123.68,303.51,-0.67138,0.58549,0.45436,0.0037558,0.74241
287.21,125.41,304.86,-0.67735,0.56959,0.46559,0.0037438,0.77206
285.18,127.09,306.3,-0.66335,0.54964,0.5078,0.0034888,0.77836
283.23,128.71,307.91,-0.65336,0.50877,0.5606,0.0038346,0.72951
281.27,130.14,309.66,-0.67806,0.4369,0.59106,0.0036672,0.6567
279.17,131.33,311.45,-0.70258,0.3926,0.5935,0.0038326,0.56119
277.05,132.5,313.22,-0.6701,0.41645,0.61444,0.0041388,0.51702
275.15,133.82,315.13,-0.6073,0.43423,0.6653,0.0041111,0.56113
273.41,135.1,317.21,-0.60068,0.41856,0.68117,0.0044368,0.4993
271.55,136.33,319.21,-0.65321,0.45546,0.60488,0.004577,0.38351
269.51,137.82,320.82,-0.6944,0.52204,0.49526,0.0048539,0.50846
267.4,139.46,322.17,-0.72126,0.53437,0.44073,0.0044763,0.54669
265.19,141.02,323.46,-0.77859,0.48815,0.39434,0.0045651,0.47793
262.74,142.38,324.53,-0.86676,0.42857,0.25506,0.0045007,0.36911
260.03,143.57,324.98,-0.93005,0.35901,0.078234,0.00432,0.44716
257.19,144.52,325,-0.97257,0.23259,0.0038272,0.004632,0.60502
254.23,144.96,325,-0.99652,0.083279,0.0025881,0.0046971,0.63943
251.23,145.02,325.02,-0.99397,0.080742,0.074235,0.0044573,0.65164
248.3,145.44,325.44,-0.94595,0.24217,0.21572,0.0041746,0.61249
245.62,146.45,326.3,-0.8754,0.39334,0.28098,0.0040728,0.50004
243.07,147.79,327.12,-0.86256,0.45954,0.21168,0.0038189,0.51748
240.46,149.2,327.56,-0.87233,0.47519,0.11509,0.0036037,0.32333
237.84,150.64,327.81,-0.87118,0.4881,0.052996,0.0035303,0.46181
235.24,152.13,327.88,-0.84658,0.53226,-0.000871,0.0031321,0.44701
232.77,153.83,327.81,-0.81622,0.57555,-0.050232,0.0031639,0.50607
230.34,155.58,327.58,-0.80566,0.58765,-0.074738,0.0033158,0.55348
227.94,157.35,327.36,-0.81173,0.58207,-0.04785,0.0033088,0.52945
225.47,159.07,327.29,-0.81543,0.57881,0.0073352,0.0036394,0.59059
223.05,160.82,327.4,-0.79093,0.60069,0.11661,0.0037885,0.56781
220.75,162.66,327.99,-0.72126,0.64007,0.26475,0.0037902,0.50043
218.74,164.65,328.98,-0.66438,0.68116,0.30761,0.0045222,0.587
216.77,166.74,329.83,-0.7032,0.66484,0.25201,0.0050775,0.61074
214.54,168.62,330.49,-0.78377,0.58832,0.19896,0.0052665,0.66536
212.08,170.26,331.02,-0.84865,0.52375,0.07395,0.0055492,0.63308
209.49,171.74,330.93,-0.85167,0.50043,-0.15566,0.0055735,0.5492
207.03,173.23,330.1,-0.81288,0.51142,-0.2787,0.0051123,0.56597
204.62,174.8,329.26,-0.86251,0.47823,-0.16545,0.0047849,0.66817
201.93,176.06,329.11,-0.92463,0.38068,0.012077,0.0043514,0.67159
199.11,177.07,329.34,-0.93181,0.36215,0.023865,0.0039944,0.62642
196.35,178.23,329.26,-0.91633,0.39672,-0.05427,0.0037117,0.64699
193.62,179.44,329.01,-0.921,0.38433,-0.063679,0.0037495,0.67951
190.84,180.53,328.87,-0.94863,0.29971,-0.10137,0.0035716,0.64563
187.96,181.23,328.41,-0.96883,0.2007,-0.14522,0.0035217,0.57247
185.03,181.73,328,-0.98572,0.1001,-0.13538,0.0034883,0.62119
182.06,181.83,327.6,-0.98882,0.020864,-0.14767,0.0036573,0.61793
179.1,181.86,327.12,-0.99433,0.027745,-0.10265,0.0036548,0.56367
176.11,182,326.98,-0.99639,0.0089909,-0.084427,0.0034994,0.60047
173.14,181.91,326.61,-0.98517,-0.055418,-0.16237,0.0036968,0.65096
170.21,181.67,326.01,-0.97293,-0.076597,-0.21802,0.0039514,0.60128
167.3,181.45,325.31,-0.95255,-0.066544,-0.29701,0.0039984,0.58073
164.51,181.27,324.23,-0.93842,-0.073953,-0.33749,0.0043585,0.51107
161.68,181.01,323.28,-0.98277,-0.094991,-0.15858,0.0042619,0.48906
158.73,180.71,323.29,-0.98427,-0.15307,0.08826,0.0040291,0.57331
155.84,180.1,323.81,-0.95975,-0.22057,0.17388,0.0036318,0.40768
152.97,179.39,324.33,-0.95842,-0.24454,0.14705,0.0036401,0.48028
150.09,178.63,324.69,-0.96673,-0.24653,0.06824,0.0035001,0.24887
147.18,177.91,324.74,-0.97723,-0.21052,0.026546,0.0032692,0.21713
144.24,177.37,324.85,-0.99528,-0.077299,0.058665,0.0030354,0.49904
141.26,177.45,325.09,-0.98442,-0.048663,0.16898,0.0029045,0.63362
138.39,177.08,325.85,-0.94965,-0.20877,0.2336,0.0031638,0.6739
135.6,176.21,326.48,-0.96491,-0.23713,0.11275,0.0034496,0.61919
132.67,175.67,326.53,-0.9903,-0.13288,0.04066,0.0036619,0.53352
129.71,175.41,326.72,-0.98093,-0.12497,0.14884,0.0036531,0.44281
126.83,174.93,327.41,-0.94072,-0.23189,0.24754,0.0038049,0.41022
124.08,174.03,328.2,-0.92968,-0.2962,0.21902,0.0036108,0.46298
121.26,173.15,328.73,-0.94577,-0.25586,0.20013,0.0035461,0.55928
118.42,172.49,329.4,-0.9461,-0.14495,0.28963,0.0038469,0.49737
115.63,172.29,330.45,-0.91895,0.016412,0.39403,0.0038089,0.56071
112.94,172.59,331.75,-0.92386,0.060249,0.37797,0.0040044,0.6399
110.13,172.65,332.7,-0.96664,-0.14242,0.21287,0.0039725,0.70183
107.28,171.76,332.99,-0.95939,-0.27766,0.049669,0.003807,0.76914
104.39,170.99,333,-0.97733,-0.21171,0.00095514,0.0035953,0.82572
101.43,170.49,333,-0.98761,-0.15691,0.0017954,0.0035538,0.84484
98.464,170.05,333.01,-0.98929,-0.13463,0.056481,0.0034317,0.80799
95.509,169.68,333.34,-0.9791,-0.10038,0.17687,0.0037001,0.71997
92.612,169.45,334.07,-0.98336,-0.05049,0.17452,0.0038517,0.62694
89.638,169.38,334.38,-0.9985,-0.00058644,0.054792,0.0042029,0.49485
86.643,169.44,334.39,-0.99785,0.063402,-0.016475,0.0046238,0.48785
83.665,169.76,334.28,-0.98899,0.13679,-0.056432,0.0048227,0.44372
80.725,170.26,334.06,-0.97527,0.2195,0.025961,0.0052682,0.30331
77.862,171.07,334.44,-0.95932,0.24493,0.14038,0.004725,0.55421
74.977,171.73,334.9,-0.98091,0.17015,0.094192,0.0040606,0.76311
72.002,172.08,335,-0.98315,0.182,0.016947,0.0039452,0.75254
69.099,172.82,335,-0.94646,0.32118,-0.032665,0.0035465,0.77493
66.352,174,334.8,-0.93987,0.32242,-0.11265,0.0036833,0.60497
63.501,174.74,334.33,-0.98213,0.058785,-0.17877,0.004085,0.47496
60.601,174.35,333.76,-0.96547,-0.17626,-0.19181,0.0042818,0.66232
57.734,173.69,333.18,-0.98119,-0.11892,-0.15208,0.0040561,0.72425
54.769,173.64,332.85,-0.99936,0.0082965,-0.034765,0.0038423,0.66456
51.781,173.74,332.98,-0.99661,-0.051364,0.064303,0.0034333,0.65485
48.825,173.33,333.24,-0.97466,-0.13488,0.17844,0.0030466,0.62278
45.967,172.93,334.04,-0.9267,-0.10472,0.36093,0.0029877,0.53922
43.299,172.7,335.39,-0.87458,-0.037855,0.48341,0.003167,0.52539
40.735,172.71,336.94,-0.79852,0.033592,0.60104,0.0032045,0.49717
38.544,172.9,338.97,-0.69343,0.026406,0.72004,0.0033687,0.30706
36.591,172.86,341.24,-0.62621,-0.070781,0.77643,0.0035076,0.3971
34.799,172.48,343.61,-0.56457,-0.1289,0.81526,0.0038054,0.2844
33.208,172.09,346.12,-0.49189,-0.10189,0.86468,0.003855,0.33667
31.854,171.87,348.79,-0.45702,-0.042114,0.88846,0.0037789,0.51387
30.468,171.84,351.45,-0.51359,0.033326,0.85739,0.0037632,0.58339
28.784,172.07,353.92,-0.63604,0.10474,0.76451,0.0033187,0.73292
26.676,172.46,356.01,-0.75279,0.10009,0.6506,0.0033287,0.81667
24.286,172.67,357.8,-0.80789,0.028761,0.58864,0.0032254,0.87824
21.836,172.63,359.53,-0.81805,-0.016923,0.57489,0.0035905,0.83265
19.38,172.57,361.25,-0.83565,0.022033,0.54883,0.0036439,0.84663
16.832,172.77,362.82,-0.85729,0.11542,0.50173,0.0034933,0.8719
14.249,173.26,364.25,-0.86825,0.2388,0.43489,0.0035466,0.8532
11.649,174.19,365.41,-0.86952,0.32321,0.37345,0.003087,0.84243
