10.309,163.68,373.66,0.96553,0.1739,-0.19367,0.0034249,0.66438
13.204,164.18,373.06,0.95771,0.13375,-0.25475,0.003438,0.60992
16.041,164.48,372.13,0.93045,0.015457,-0.36609,0.0037147,0.54179
18.749,164.27,370.87,0.8938,-0.14319,-0.425,0.003672,0.5876
21.381,163.62,369.59,0.88093,-0.21332,-0.42243,0.0037123,0.53002
24.033,162.99,368.34,0.90333,-0.21789,-0.3695,0.003649,0.4511
26.79,162.32,367.38,0.91748,-0.30735,-0.25252,0.0034084,0.3135
29.497,161.16,366.84,0.87914,-0.44794,-0.16268,0.0034467,0.36023
32.044,159.64,366.41,0.83364,-0.54509,-0.089056,0.00376,0.23246
34.475,157.91,366.3,0.76835,-0.62929,0.11678,0.0036245,0.44605
36.571,155.93,367.1,0.68563,-0.65738,0.31268,0.0033742,0.59119
38.574,153.98,368.17,0.7441,-0.61518,0.26052,0.0033387,0.55202
40.981,152.28,368.64,0.85276,-0.51352,0.095371,0.0036177,0.45862
43.652,150.92,368.74,0.89764,-0.43428,0.075149,0.0037309,0.66426
46.358,149.68,369.09,0.90014,-0.39699,0.17932,0.0036836,0.53123
49.038,148.55,369.81,0.87126,-0.40959,0.27046,0.0037199,0.41708
51.574,147.23,370.71,0.81681,-0.48905,0.30601,0.00323,0.34344
53.925,145.62,371.64,0.77686,-0.56817,0.27142,0.0032755,0.57857
56.226,143.83,372.34,0.78822,-0.58521,0.19035,0.0034422,0.68687
58.647,142.12,372.78,0.83531,-0.53703,0.11773,0.0034594,0.70577
61.228,140.61,373.04,0.87801,-0.46751,0.10267,0.0032425,0.67216
63.908,139.31,373.4,0.91564,-0.38208,0.12495,0.0035411,0.50639
66.706,138.32,373.79,0.9539,-0.29083,0.074153,0.0036974,0.27497
69.61,137.58,373.84,0.94527,-0.31961,0.065755,0.0039709,0.40836
72.346,136.42,374.18,0.92401,-0.3574,0.13593,0.0043214,0.56273
75.123,135.44,374.65,0.99125,-0.11647,0.062161,0.0045849,0.7422
78.086,135.74,374.54,0.98966,0.12209,0.075347,0.0045481,0.74453
80.985,136.17,375.1,0.96102,0.12708,0.24554,0.0047637,0.78541
83.816,136.5,376.01,0.96157,0.20502,0.18264,0.0047346,0.75719
86.673,137.38,376.18,0.96584,0.23977,0.09826,0.0049377,0.76402
89.573,137.93,376.59,0.96647,0.053886,0.25108,0.0049835,0.73535
92.356,137.69,377.66,0.94063,-0.14712,0.30591,0.0048313,0.7967
95.181,137.06,378.42,0.92252,-0.27174,0.27409,0.004917,0.75256
97.873,136.07,379.3,0.89848,-0.27052,0.34576,0.0057666,0.51698
100.55,135.44,380.48,0.91464,-0.14921,0.37572,0.0060533,0.36525
103.34,135.18,381.54,0.952,-0.086175,0.2937,0.0055736,0.50164
106.24,134.92,382.24,0.97167,-0.19495,0.13361,0.0049074,0.7193
109.09,134.02,382.33,0.92938,-0.36321,0.065835,0.004821,0.74077
111.78,132.76,382.63,0.89194,-0.41428,0.18115,0.0049166,0.69497
114.41,131.55,383.41,0.88015,-0.44148,0.17442,0.0045283,0.81402
117.03,130.13,383.67,0.8709,-0.48927,0.046247,0.0042779,0.79525
119.62,128.62,383.69,0.89879,-0.42568,0.10479,0.0041492,0.78012
122.36,127.6,384.29,0.91459,-0.25783,0.31154,0.0038082,0.7734
125.03,127.1,385.53,0.8813,-0.10047,0.46175,0.0036013,0.79463
127.61,127,387.04,0.89915,-0.051147,0.43465,0.0038553,0.71316
130.39,126.8,388.13,0.93196,-0.13146,0.33788,0.0035534,0.53098
133.18,126.21,389.06,0.94096,-0.17089,0.29223,0.0039573,0.51918
136.03,125.77,389.88,0.96596,-0.14619,0.21342,0.0040195,0.70767
138.96,125.34,390.34,0.9434,-0.19296,0.26974,0.0037285,0.7713
141.63,124.63,391.48,0.86089,-0.23329,0.45216,0.003862,0.77495
144.1,123.95,393.04,0.82332,-0.26624,0.50126,0.0036331,0.75844
146.56,123.03,394.48,0.83244,-0.31635,0.45493,0.0035579,0.77611
149.09,122.05,395.77,0.85902,-0.30229,0.41316,0.0035469,0.74991
151.71,121.22,396.96,0.84974,-0.2682,0.45389,0.0034554,0.74877
154.17,120.45,398.48,0.77961,-0.25313,0.57282,0.0036744,0.67659
156.37,119.71,400.38,0.71306,-0.23676,0.65992,0.0037328,0.71412
158.45,119.03,402.44,0.71507,-0.20698,0.66771,0.0037595,0.80075
160.66,118.47,404.39,0.79036,-0.19792,0.5798,0.0037782,0.78293
163.16,117.85,405.9,0.90303,-0.19213,0.38421,0.0035854,0.69054
166.01,117.33,406.66,0.96996,-0.13841,0.20007,0.0032701,0.63712
168.96,117.02,407.09,0.9876,-0.038759,0.15211,0.0028915,0.59536
171.92,117.1,407.57,0.98483,0.093326,0.14628,0.0025255,0.50201
174.85,117.58,407.97,0.97584,0.20642,0.071646,0.0022128,0.68846
177.75,118.33,408,0.977,0.21317,0.0054656,0.0016939,0.67523
180.7,118.85,408,0.99364,0.11184,-0.013024,0.0018513,0.72119
183.69,119,407.92,0.99604,0.011859,-0.088123,0.0020575,0.7383
186.66,118.93,407.47,0.98566,-0.086199,-0.14508,0.0026816,0.61475
189.59,118.48,407.05,0.98625,-0.14513,-0.079051,0.0027503,0.57942
192.56,118.06,407,0.99668,-0.080944,-0.0090447,0.0026396,0.55312
195.56,118,407,0.99921,-0.039671,0,0.002788,0.48862
198.55,117.82,407,0.99369,-0.11212,0,0.0028519,0.38122
201.51,117.33,407,0.99086,-0.13492,0,0.0030883,0.43887
204.49,117.01,407,0.99652,-0.083315,0,0.0032743,0.41986
207.48,116.83,407,0.9925,-0.1209,-0.018044,0.003459,0.32523
210.42,116.29,406.89,0.97629,-0.21456,-0.028607,0.0037776,0.30484
213.33,115.54,406.83,0.98092,-0.19441,-0.00018157,0.0039849,0.30963
216.29,115.12,406.89,0.9987,-0.014576,-0.048921,0.0040703,0.49156
219.24,115.46,406.54,0.97684,0.12602,-0.17292,0.0042512,0.5336
222.13,115.88,405.86,0.98433,0.03882,-0.172,0.0042565,0.59714
225.1,115.69,405.52,0.98781,-0.048891,-0.14781,0.0046313,0.59595
228.05,115.58,404.97,0.98167,-0.059503,-0.18105,0.0049457,0.5176
230.98,115.33,404.43,0.98461,-0.16183,-0.065984,0.0052154,0.50495
233.88,114.62,404.58,0.97858,-0.20192,0.040166,0.0049174,0.44879
236.84,114.12,404.67,0.9889,-0.14021,0.049214,0.0045226,0.52319
239.81,113.78,404.87,0.98271,-0.12841,0.13341,0.0042348,0.56942
242.71,113.35,405.47,0.98563,-0.087435,0.14453,0.0043623,0.55122
245.68,113.26,405.74,0.99797,0.058161,-0.026123,0.0044217,0.57195
248.61,113.7,405.31,0.97825,0.1688,-0.12055,0.0042315,0.5888
251.54,114.27,405.01,0.98426,0.17265,-0.03771,0.0043327,0.47701
254.5,114.73,405.09,0.9792,0.17348,0.10524,0.0042523,0.52261
257.39,115.31,405.64,0.94551,0.21973,0.24026,0.0043349,0.41783
260.16,116.05,406.52,0.94397,0.23905,0.22754,0.0043132,0.56697
263.03,116.74,407,0.98445,0.09122,0.15009,0.0035261,0.56075
265.98,116.59,407.41,0.98366,-0.1035,0.14729,0.0031563,0.70224
268.91,116.12,407.88,0.99014,-0.099019,0.099075,0.0024919,0.84083
