238.81,309.24,6.0837,-0.41689,-0.51671,0.7478,0.002297,0.6191
237.3,307.23,9.1786,-0.34556,-0.41244,0.8429,0.0019353,0.55766
236.07,305.97,12.766,-0.33183,-0.26085,0.90656,0.0019752,0.5375
234.66,305.15,16.408,-0.29753,-0.085852,0.95084,0.0018781,0.65175
233.72,305.29,20.275,-0.19733,0.11071,0.97407,0.001913,0.51064
233.09,306.03,24.152,-0.17072,0.2117,0.96231,0.0018489,0.51098
232.36,306.98,27.956,-0.22542,0.2205,0.94898,0.0017562,0.42396
231.29,307.79,31.716,-0.17148,0.15432,0.97303,0.0022328,0.48695
231,308.2,35.674,-0.038016,0.13321,0.99036,0.0016109,0.25906
230.99,308.86,39.62,-0.062078,0.20232,0.97735,0.0018598,0.48107
230.51,309.82,43.462,-0.12189,0.26187,0.95737,0.0018795,0.52012
230.01,310.95,47.26,-0.066456,0.25463,0.96475,0.00146,0.5587
229.98,311.85,51.153,-0.023165,0.23169,0.97251,0.0019947,0.42819
229.83,312.8,55.03,-0.020725,0.15819,0.98719,0.0022084,0.384
229.81,313.11,59.016,-0.069364,0.11443,0.99101,0.0022699,0.49315
229.28,313.71,62.931,-0.15474,0.14391,0.97742,0.0021486,0.49406
228.57,314.26,66.831,-0.11933,0.17944,0.9765,0.0023381,0.47296
228.32,315.13,70.692,0.1185,0.32314,0.9389,0.0018921,0.53447
229.5,316.77,74.128,0.2902,0.46152,0.83832,0.0021016,0.72702
230.64,318.81,77.368,0.18796,0.51531,0.83614,0.0020849,0.85135
231,320.87,80.773,0.08497,0.47179,0.87761,0.0022107,0.75421
231.31,322.57,84.36,0.17011,0.32537,0.93016,0.001991,0.76049
232.34,323.43,88.121,0.19636,0.17742,0.96435,0.0021649,0.72209
232.88,323.98,92.027,0.040498,0.030394,0.99872,0.001715,0.49938
232.66,323.67,96.002,-0.027273,-0.094363,0.99516,0.0021533,0.37263
232.66,323.23,99.974,-0.052702,-0.0099494,0.99856,0.0021334,0.34894
232.24,323.59,103.92,-0.08271,0.15562,0.98435,0.002474,0.50621
232,324.47,107.81,-0.073588,0.25389,0.96443,0.00247,0.55449
231.65,325.62,111.62,-0.1739,0.29432,0.93975,0.0026786,0.66168
230.62,326.81,115.29,-0.32976,0.28815,0.89901,0.0022707,0.5466
229.03,327.91,118.79,-0.41981,0.22914,0.87821,0.0025513,0.63384
227.26,328.64,122.3,-0.45237,0.13555,0.88147,0.0026943,0.58081
225.41,329,125.82,-0.49451,0.033456,0.86853,0.0023118,0.4945
223.32,328.9,129.23,-0.45703,-0.020759,0.88921,0.0020696,0.34819
221.77,328.83,132.91,-0.43166,-0.0028994,0.90203,0.002022,0.16751
219.88,328.88,136.43,-0.45326,-0.013223,0.89128,0.0018326,0.58062
218.16,328.73,140.02,-0.32968,-0.077894,0.94087,0.0016678,0.64202
217.26,328.26,143.88,-0.14523,-0.091228,0.98518,0.0019913,0.50715
217,328,147.85,-0.061078,-0.030817,0.99766,0.0022245,0.23185
216.78,328.02,151.84,-0.11001,0.068159,0.99159,0.0023173,0.46381
216.12,328.54,155.75,-0.16234,0.16566,0.97273,0.0022818,0.51694
215.48,329.34,159.61,-0.13942,0.18285,0.9732,0.0024542,0.33638
215.01,330,163.53,-0.060237,0.16599,0.98429,0.0023453,0.4515
215,330.67,167.47,-0.0023218,0.12461,0.9922,0.0019702,0.61301
214.99,331,171.45,-0.067065,0.080958,0.99446,0.0020423,0.46944
214.47,331.31,175.39,-0.20004,0.11458,0.97307,0.0021083,0.5112
213.4,331.91,179.19,-0.18502,0.086743,0.9789,0.0021018,0.40868
213,332,183.16,-0.10444,0.010958,0.99447,0.0016783,0.30889
212.56,332,187.13,-0.12251,0.014427,0.99236,0.0019403,0.35881
212.02,332.12,191.09,-0.057143,0.07853,0.99527,0.0018611,0.62968
212.11,332.63,195.05,-0.021073,0.052987,0.99837,0.0016051,0.56865
211.85,332.54,199.03,-0.041892,-0.060629,0.99728,0.0017864,0.53808
211.78,332.14,203,-0.0010534,-0.12061,0.9927,0.0017877,0.41188
211.84,331.58,206.95,-0.065724,-0.22274,0.97266,0.0020348,0.45984
211.25,330.38,210.71,-0.12826,-0.35823,0.92478,0.0020839,0.52
210.82,328.72,214.32,-0.11852,-0.4155,0.90184,0.0019677,0.54178
210.31,327.05,217.92,-0.19266,-0.29959,0.93441,0.0020315,0.60658
209.3,326.35,221.69,-0.1414,-0.071675,0.98735,0.0020055,0.60351
209.2,326.49,225.66,0.023904,-0.045903,0.99866,0.0018612,0.65954
209.49,325.98,229.61,-0.016236,-0.16235,0.9866,0.0019047,0.65597
209.07,325.2,233.5,-0.10428,-0.22614,0.9685,0.0017558,0.7998
208.66,324.17,237.35,-0.15548,-0.19256,0.96889,0.0016227,0.76041
207.83,323.67,241.21,-0.19692,-0.067281,0.97811,0.0016098,0.72024
207.09,323.64,245.14,-0.10717,-0.10059,0.98914,0.0018023,0.6799
206.98,322.87,249.05,-0.10713,-0.18041,0.97774,0.0019043,0.64061
206.24,322.21,252.91,-0.26885,-0.1099,0.95689,0.0018656,0.62937
204.85,322,256.65,-0.27577,-0.025788,0.96088,0.0018504,0.55993
204.05,322,260.56,-0.1702,-0.0065637,0.98539,0.0023368,0.45177
203.49,321.95,264.51,-0.18855,-0.040433,0.98123,0.0031869,0.15356
202.54,321.68,268.39,-0.19196,-0.087467,0.9775,0.0030281,0.35627
201.95,321.25,272.32,-0.14694,-0.085413,0.98545,0.0026378,0.34638
201.37,320.99,276.27,-0.11956,-0.087657,0.98895,0.0025856,0.29937
201,320.55,280.21,-0.079273,-0.12623,0.98883,0.0025794,0.47433
200.73,319.99,284.15,-0.10308,-0.14119,0.9846,0.0023557,0.47401
200.18,319.42,288.07,-0.053909,-0.2061,0.97704,0.0024608,0.51308
200.31,318.35,291.91,0.006736,-0.26905,0.9631,0.0023139,0.57471
200.23,317.28,295.76,-0.097338,-0.24617,0.96433,0.0020345,0.59217
199.53,316.39,299.59,-0.19269,-0.12875,0.97278,0.0020441,0.5657
198.7,316.25,303.49,-0.19385,0.064872,0.97888,0.0018051,0.64888
197.99,316.91,307.36,-0.25729,0.13184,0.9573,0.0013191,0.21023
196.65,317.3,311.11,-0.4146,0.087716,0.90577,0.0019071,0.22675
194.69,317.61,314.57,-0.49797,-0.034606,0.8665,0.0019468,0.66769
192.7,317.03,317.98,-0.44748,-0.13065,0.8847,0.0014475,0.79558
191.13,316.57,321.61,-0.32611,-0.055533,0.9437,0.0016285,0.79989
190.11,316.59,325.47,-0.2603,-0.028847,0.9651,0.0016885,0.61513
189.05,316.34,329.32,-0.23737,-0.05728,0.96973,0.0018522,0.73237
188.22,316.13,333.22,-0.075879,-0.042517,0.99621,0.0015723,0.63073
188.45,316,337.19,0.11106,-0.016261,0.99368,0.0020021,0.24788
189.1,316,341.13,0.165,-0,0.98629,0.001662,0.67427
189.77,316,345.08,0.12582,-0.013831,0.99196,0.0018147,0.19792
190.11,315.89,349.06,0.085365,-0.042616,0.99544,0.0022371,0.46754
190.45,315.66,353.03,0.083399,0.013799,0.99642,0.0021209,0.60889
190.78,316,357,0.0065166,0.11516,0.99333,0.0020022,0.56337
190.5,316.57,360.91,-0.19998,0.12609,0.97165,0.0020504,0.49369
189.19,316.99,364.66,-0.24678,0.02888,0.96864,0.0019549,0.64735
188.55,316.8,368.59,-0.1753,-0.15118,0.97284,0.0018915,0.64997
187.8,315.79,372.38,-0.21887,-0.24644,0.94412,0.0018763,0.64453
186.8,314.83,376.13,-0.21491,-0.19851,0.95625,0.0015335,0.68779
186.08,314.21,380.01,-0.10045,-0.15565,0.98269,0.0017621,0.74168
186,313.59,383.96,-0.041871,-0.1478,0.98813,0.0022763,0.63953
185.75,313.03,387.9,-0.17644,-0.07684,0.98131,0.0015885,0.49299
184.6,312.99,391.73,-0.22071,-0.069592,0.97285,0.0018505,0.51618
183.99,312.48,395.63,-0.13959,-0.12252,0.9826,0.0018306,0.53599
183.49,312.01,399.56,-0.12822,-0.059909,0.98993,0.0021997,0.4472
