193.6,237.42,20.181,0.26159,-0.051508,0.9638,0.0026623,0.7336
194.26,237.02,24.088,0.16273,-0.052858,0.98525,0.0027434,0.66318
194.9,237,28.036,0.092666,-0.0022947,0.99569,0.0024945,0.706
195,237,32.032,-0.039409,0.012992,0.99914,0.0025113,0.64038
194.59,237.1,36.001,-0.1219,0.090435,0.98841,0.0022126,0.57605
194.03,237.72,39.91,-0.046172,-0.0064877,0.99891,0.0018685,0.61552
194.22,237.07,43.8,0.13097,-0.23097,0.96411,0.0024015,0.62841
195.07,235.89,47.517,0.27551,-0.23318,0.93259,0.0023667,0.6252
196.41,235.21,51.221,0.21037,-0.082356,0.97415,0.0022436,0.66679
196.73,235.24,55.135,-0.068879,0.011931,0.99755,0.0018386,0.74835
195.85,235.31,59.029,-0.20511,-0.029415,0.9783,0.0020553,0.52707
195.1,235,62.94,-0.16729,-0.038585,0.98515,0.0017158,0.498
194.52,235,66.898,-0.13343,-0.028862,0.99064,0.0020513,0.42242
194.03,234.77,70.855,-0.078652,-0.083962,0.99336,0.0019587,0.45055
193.89,234.33,74.827,-0.024845,-0.078554,0.9966,0.0019598,0.15743
193.83,234.14,78.82,-0.0078292,-0.041215,0.99912,0.002,0.62989
193.83,234,82.816,-0.046835,-0.017959,0.99874,0.0019459,0.47888
193.46,234,86.797,-0.12414,-0.020249,0.99206,0.0022676,0.35345
192.83,233.84,90.739,-0.214,-0.028204,0.97643,0.0020189,0.62326
191.75,233.78,94.581,-0.30665,-0.037376,0.95109,0.0019904,0.50387
190.39,233.54,98.325,-0.33998,-0.087662,0.93634,0.0022122,0.49288
189.04,233.07,102.06,-0.41319,-0.089294,0.90626,0.00191,0.2578
187.1,232.83,105.54,-0.4606,-0.052222,0.88607,0.0020815,0.45584
185.36,232.66,109.13,-0.40127,-0.087652,0.91176,0.0019602,0.59913
183.9,232.13,112.82,-0.25685,-0.035939,0.96578,0.0017309,0.5487
183.33,232.37,116.72,-0.10609,0.10336,0.98897,0.0020418,0.50297
183.06,232.95,120.65,-0.1871,0.080325,0.97905,0.0012823,0.33015
181.85,233,124.46,-0.26985,-0.012787,0.96282,0.0014078,0.62601
180.91,232.85,128.33,-0.15143,-0.09959,0.98344,0.0018979,0.60174
180.65,232.21,132.27,-0.096154,-0.15102,0.98384,0.0017558,0.42919
180.14,231.64,136.2,-0.18352,-0.12827,0.97461,0.0019742,0.44256
179.19,231.19,140.03,-0.38636,-0.060149,0.92038,0.0018765,0.42169
177.09,231.17,143.44,-0.45629,-0.0060622,0.88981,0.0020938,0.60937
175.56,231.14,147.11,-0.33399,0.071179,0.93989,0.0022693,0.19634
174.44,231.74,150.91,-0.26372,0.13413,0.95523,0.0019111,0.16006
173.45,232.21,154.75,-0.24334,0.13738,0.96016,0.0019668,0.12032
172.49,232.84,158.58,-0.18181,0.10054,0.97818,0.0019275,0.65751
172,233.01,162.54,-0.14427,0.10274,0.98419,0.002014,0.6368
171.35,233.65,166.4,-0.27361,0.26131,0.92567,0.0019748,0.62134
169.84,235.07,169.82,-0.362,0.28418,0.8878,0.0020645,0.67886
168.47,235.91,173.46,-0.23446,0.11969,0.96473,0.0021121,0.77224
168,236.01,177.42,-0.12461,0.070449,0.9897,0.0021448,0.69414
167.48,236.47,181.34,-0.19976,0.12609,0.9717,0.0019317,0.67097
166.4,237.02,185.15,-0.21624,0.17068,0.9613,0.0020504,0.73436
165.75,237.83,189,-0.15947,0.23155,0.95966,0.0019782,0.77428
165.13,238.86,192.81,-0.13812,0.15287,0.97855,0.0021884,0.75422
164.66,239.05,196.77,-0.18862,0.082973,0.97854,0.0023217,0.64632
163.63,239.52,200.6,-0.20554,0.12083,0.97116,0.002478,0.56538
163.02,240.01,204.51,-0.080513,0.14491,0.98616,0.0028957,0.5701
162.99,240.68,208.45,-0.075058,0.24242,0.96726,0.0027596,0.53348
162.42,241.93,212.19,-0.18227,0.36089,0.91462,0.0025283,0.2948
161.54,243.55,215.72,-0.09807,0.48488,0.86907,0.0028749,0.56208
161.65,245.76,219.04,0.005068,0.48263,0.87581,0.0029495,0.56397
161.58,247.39,222.69,-0.050597,0.38954,0.91962,0.002979,0.52131
161.25,248.87,226.39,-0.15202,0.35177,0.92366,0.002565,0.74277
160.37,250.19,230.05,-0.23586,0.35977,0.90274,0.0026075,0.73756
159.37,251.74,233.59,-0.16369,0.49145,0.85539,0.002463,0.69498
159.07,254.07,236.81,-0.024459,0.57261,0.81947,0.0024642,0.70504
159.17,256.3,240.12,0.021307,0.49208,0.87029,0.0024372,0.69096
159.24,257.99,243.74,0.093779,0.44456,0.89083,0.0025869,0.41616
159.92,259.84,247.21,0.18478,0.43108,0.88319,0.0022838,0.31873
160.72,261.43,250.79,0.13606,0.33255,0.93322,0.0025125,0.46407
161,262.48,254.62,0.033181,0.19369,0.9805,0.0022834,0.58533
160.98,262.97,258.59,-0.054373,0.056602,0.99692,0.0025435,0.58176
160.57,262.93,262.57,0.03052,-0.080301,0.9963,0.0022868,0.71277
161.21,262.34,266.43,0.29081,-0.08353,0.95313,0.0022336,0.68863
162.85,262.28,270.05,0.39743,0.12801,0.90866,0.0021159,0.68968
164.35,263.36,273.6,0.26904,0.22158,0.93729,0.0019967,0.63334
164.99,264.03,277.46,0.080704,0.15851,0.98405,0.0017977,0.72585
164.99,264.61,281.41,-0.043065,0.21515,0.97563,0.0019894,0.71637
164.64,265.75,285.23,-0.10017,0.26921,0.95786,0.0022642,0.59394
164.19,266.77,289.07,-0.08323,0.20917,0.97433,0.0024938,0.42995
163.98,267.41,293.01,-0.095073,0.15123,0.98392,0.0026926,0.45965
163.43,267.97,296.92,-0.13443,0.061682,0.989,0.0028195,0.26195
162.91,267.91,300.89,-0.13317,-0.055899,0.98951,0.0027165,0.59093
162.36,267.53,304.83,-0.023393,-0.038549,0.99898,0.0025314,0.55946
162.72,267.6,308.8,0.090329,-0.048587,0.99473,0.0027675,0.54812
163.08,267.14,312.75,0.13253,-0.073476,0.98845,0.0030189,0.32058
163.78,267.01,316.68,0.20036,0.046148,0.97864,0.0034056,0.36399
164.68,267.51,320.54,0.15356,0.12262,0.9805,0.0034147,0.42701
165,267.99,324.48,0.034393,0.090579,0.9953,0.0035819,0.45064
164.95,268.23,328.46,-0.05222,0.21288,0.97568,0.0033048,0.50314
164.59,269.67,332.16,-0.036688,0.36147,0.93166,0.0040178,0.52426
164.66,271.11,335.88,0.050735,0.32044,0.94591,0.0031282,0.72082
164.99,272.22,339.71,0.051737,0.2398,0.96944,0.0026924,0.70654
165.07,273.02,343.62,0.085132,0.18242,0.97953,0.001727,0.70915
165.67,273.67,347.52,0.14967,0.10188,0.98347,0.0019234,0.61595
166.26,273.83,351.45,0.083553,-0.097653,0.99171,0.0019354,0.51113
166.33,272.9,355.33,0.048286,-0.22493,0.97318,0.0025513,0.69816
166.65,272.04,359.21,0.12471,-0.22251,0.96692,0.0020192,0.65199
167.32,271.13,363.03,0.055832,-0.23535,0.97031,0.0025148,0.61131
167.09,270.18,366.89,-0.12501,-0.15456,0.98004,0.0028253,0.6568
166.33,269.9,370.81,-0.21771,-0.10498,0.97035,0.0027877,0.70966
165.35,269.34,374.64,-0.21847,-0.16502,0.96179,0.0024472,0.7188
164.58,268.58,378.5,-0.15347,-0.15197,0.9764,0.0023167,0.73411
164.13,268.12,382.44,0.0105,-0.032378,0.99942,0.0024058,0.58698
164.67,268.33,386.38,0.12317,0.0074833,0.99236,0.0024495,0.49418
165.11,268.18,390.34,0.042151,-0.041946,0.99823,0.0022226,0.54548
165,267.99,394.33,-0.019214,-0.081238,0.99651,0.0021382,0.47418
164.95,267.53,398.3,-0.072549,-0.1209,0.99001,0.0025647,0.53322
164.42,267.03,402.22,-0.096515,-0.023041,0.99506,0.0022275,0.55407
