214.45,340.1,6.0227,-0.34761,-0.17377,0.9214,0.002716,0.48838
213.3,339.45,9.7841,-0.12555,-0.14971,0.98073,0.0024945,0.33888
213.46,338.92,13.73,0.0008324,-0.14432,0.98953,0.0025936,0.63326
213.31,338.3,17.669,0.0096284,-0.11771,0.993,0.0024372,0.59296
213.53,337.99,21.622,0.13429,-0.10185,0.98569,0.0024938,0.52232
214.38,337.49,25.492,0.16252,-0.18255,0.96967,0.0026535,0.37843
214.83,336.53,29.346,0.044145,-0.27431,0.96063,0.0030393,0.3375
214.73,335.31,33.135,-0.11621,-0.35158,0.92892,0.0029431,0.61634
213.9,333.74,36.717,-0.18751,-0.3807,0.90549,0.0027652,0.57348
213.23,332.27,40.371,-0.11746,-0.31717,0.94107,0.0027449,0.61886
212.97,331.22,44.209,-0.066563,-0.19403,0.97873,0.0029225,0.48755
212.7,330.72,48.168,-0.093049,-0.19136,0.9771,0.0031104,0.52012
212.23,329.69,51.998,-0.1146,-0.21473,0.96993,0.0031244,0.61156
211.79,329.01,55.909,-0.067964,-0.15518,0.98555,0.0027576,0.53704
211.68,328.45,59.863,0.024782,-0.1245,0.99191,0.0029403,0.50641
211.98,328.02,63.824,0.039786,-0.056683,0.9976,0.0027022,0.2983
212,328,67.824,0.0019999,-0.049631,0.99877,0.0030184,0.39186
212,327.62,71.799,0,-0.12194,0.99254,0.0031274,0.41731
212,327.03,75.753,0,-0.1464,0.98923,0.0029544,0.55041
212,326.45,79.709,-0.020521,-0.18917,0.98173,0.003017,0.46274
211.84,325.52,83.59,-0.11576,-0.19725,0.9735,0.0030864,0.64627
211.08,324.88,87.458,-0.2119,-0.081017,0.97393,0.003075,0.5833
210.15,324.87,91.345,-0.20583,-0.036196,0.97792,0.0032638,0.62426
209.44,324.59,95.259,-0.14309,-0.15934,0.9768,0.0034782,0.52813
209.01,323.6,99.107,-0.1173,-0.27972,0.95289,0.0033116,0.51356
208.5,322.36,102.86,-0.25547,-0.33885,0.90549,0.0030542,0.56417
206.99,320.92,106.27,-0.31357,-0.32592,0.89188,0.0026712,0.65156
206.01,319.77,109.95,-0.19139,-0.33245,0.9235,0.0026777,0.68128
205.47,318.28,113.61,-0.18985,-0.41646,0.88911,0.0028723,0.4429
204.49,316.45,117.03,-0.28951,-0.41477,0.86264,0.0028723,0.26214
203.16,314.97,120.49,-0.39424,-0.22306,0.89153,0.002627,0.30942
201.39,314.69,124.04,-0.38152,-0.071409,0.9216,0.0030214,0.51234
200.14,314.41,127.77,-0.22517,-0.18132,0.9573,0.0029292,0.63318
199.63,313.26,131.56,-0.21688,-0.17796,0.95984,0.0030693,0.53874
198.43,313,135.35,-0.30045,-0.066218,0.9515,0.0030793,0.51384
197.24,312.73,139.15,-0.23536,-0.11281,0.96534,0.0032387,0.42447
196.56,312.1,143.04,-0.22354,-0.04239,0.97377,0.0032616,0.42204
195.47,312.39,146.86,-0.20579,0.11851,0.97139,0.0031653,0.54827
194.92,313.04,150.77,-0.14571,0.17259,0.97416,0.0028979,0.64303
194.3,313.77,154.65,-0.11532,0.21192,0.97046,0.0029825,0.52111
194,314.74,158.51,-0.045278,0.19724,0.97931,0.0033193,0.57932
193.94,315.34,162.45,-0.042825,0.081955,0.99572,0.003021,0.66434
193.66,315.39,166.43,-0.0013998,0.029099,0.99958,0.0032038,0.57428
193.93,315.57,170.4,0.037111,-0.060377,0.99749,0.0033379,0.64251
193.95,314.9,174.34,-0.071175,-0.074003,0.99471,0.0031767,0.61401
193.37,314.99,178.28,-0.15388,0.012024,0.98802,0.003494,0.39893
192.72,315,182.23,-0.15183,0.00013198,0.98841,0.0031989,0.5039
192.15,314.99,186.19,-0.090052,-0.055328,0.9944,0.0033108,0.50605
192,314.56,190.16,0.035889,-0.082296,0.99596,0.0028632,0.23891
192.44,314.33,194.11,0.17418,-0.041998,0.98382,0.0027679,0.56992
193.39,314.23,197.99,0.19053,-0.041598,0.9808,0.0029492,0.51417
193.96,314,201.94,0.005123,-0.040481,0.99917,0.0030358,0.55709
193.43,313.91,205.89,-0.070553,-0.043063,0.99658,0.0031088,0.6286
193.39,313.66,209.86,0.050365,-0.003926,0.99872,0.0032524,0.44884
193.83,313.88,213.82,0.058011,-0.048995,0.99711,0.0028737,0.43642
193.85,313.27,217.77,-0.015081,-0.14131,0.98985,0.0029168,0.55479
193.71,312.75,221.72,-0.05629,-0.12812,0.99016,0.0025403,0.61126
193.4,312.25,225.67,-0.018803,-0.16495,0.98612,0.0026845,0.60419
193.56,311.43,229.58,0.042641,-0.22485,0.97346,0.0027058,0.62375
193.74,310.45,233.45,-0.041123,-0.22784,0.97283,0.0026981,0.57341
193.23,309.62,237.33,-0.15128,-0.17249,0.97333,0.0025333,0.34424
192.53,309.07,241.23,-0.15643,-0.13255,0.97876,0.0025867,0.41921
191.98,308.56,245.15,-0.14159,-0.13178,0.98112,0.0023481,0.20545
191.4,308.02,249.07,-0.1265,-0.070165,0.98948,0.0026517,0.50509
190.98,308,253.04,-0.17394,0.047416,0.98361,0.0027263,0.19481
190.02,308.39,256.88,-0.29576,0.077829,0.95209,0.0031055,0.5823
188.62,308.62,260.61,-0.2596,-0.074194,0.96286,0.0030425,0.49144
187.98,307.81,264.46,-0.15873,-0.19421,0.96803,0.0033291,0.60714
187.36,307.07,268.33,-0.14592,-0.14656,0.97838,0.0040056,0.65489
186.82,306.64,272.27,-0.19713,-0.15621,0.96785,0.0042896,0.67254
185.79,305.83,276.04,-0.20901,-0.29927,0.931,0.0037816,0.58415
185.16,304.27,279.65,-0.12129,-0.31403,0.94163,0.0029738,0.71655
184.83,303.34,283.49,-0.15522,-0.088053,0.98395,0.0027773,0.65971
183.94,303.59,287.37,-0.15855,-0.0054616,0.98734,0.0029395,0.6224
183.57,303.3,291.33,-0.091828,-0.073498,0.99306,0.0028953,0.66511
183.2,303,295.29,-0.071191,-0.037111,0.99677,0.002733,0.71082
183,303,299.28,-0.04329,-0.00068715,0.99906,0.0027543,0.49878
182.86,302.99,303.27,-0.098239,-0.060512,0.99332,0.002917,0.57166
182.22,302.52,307.18,-0.12085,-0.20873,0.97048,0.0035051,0.64803
181.9,301.33,310.99,-0.16034,-0.30098,0.94005,0.0030617,0.68613
180.94,300.12,314.67,-0.25216,-0.20909,0.94483,0.0028845,0.55633
179.9,299.67,318.48,-0.20359,0.009111,0.97901,0.0023773,0.58581
179.34,300.2,322.39,-0.24424,0.22289,0.94375,0.0023264,0.65258
177.97,301.43,325.92,-0.34125,0.39601,0.85248,0.0030729,0.71781
176.63,303.35,329.16,-0.29158,0.51188,0.80806,0.0034412,0.70654
175.65,305.52,332.37,-0.2455,0.50797,0.82565,0.0038926,0.63243
174.67,307.41,335.76,-0.19788,0.4261,0.88277,0.0037504,0.57872
174.07,308.91,339.41,-0.11242,0.38192,0.91733,0.0033645,0.41241
173.77,310.46,343.08,-0.00029588,0.4076,0.91316,0.0036862,0.29997
174.06,312.15,346.67,0.16751,0.36711,0.91497,0.003437,0.325
175.1,313.36,350.33,0.10654,0.26349,0.95876,0.0028978,0.42562
174.91,314.23,354.2,-0.12767,0.098039,0.98696,0.0027581,0.43379
174.09,314.13,358.1,-0.18755,-0.11962,0.97494,0.0026357,0.60827
173.42,313.27,361.95,-0.15133,-0.09264,0.98413,0.002604,0.56963
172.89,313.39,365.88,-0.18899,0.075107,0.9791,0.0027864,0.53626
171.92,313.87,369.72,-0.19786,-0.034487,0.97962,0.0028032,0.43452
171.34,313.13,373.57,-0.10116,-0.22554,0.96897,0.0028703,0.47678
171.12,312.08,377.4,-0.14264,-0.1797,0.97333,0.0024866,0.46564
170.21,311.71,381.27,-0.14025,-0.12527,0.98216,0.0024397,0.60523
170,311.09,385.21,-0.030585,-0.088966,0.99556,0.0023637,0.51217
169.96,311,389.21,-0.0472,-0.04521,0.99786,0.0026044,0.57288
169.62,310.72,393.18,-0.09761,-0.098572,0.99033,0.0027951,0.61458
169.18,310.21,397.11,-0.12926,0.002043,0.99161,0.002859,0.62755
