214.93,258.79,9.7948,-0.065387,-0.26949,0.96078,0.0017331,0.74665
214.78,257.85,13.669,-0.15609,-0.20372,0.9665,0.0016088,0.66531
213.69,257.18,17.452,-0.22247,-0.10575,0.96919,0.0019989,0.69553
213.01,257.01,21.369,-0.088159,0.017403,0.99595,0.0020013,0.47352
212.99,257.32,25.354,-0.060474,0.022401,0.99792,0.0022089,0.54132
212.53,257.19,29.315,-0.12287,-0.0040779,0.99241,0.0021987,0.61446
212.01,257.29,33.255,-0.044114,0.074839,0.99622,0.0020198,0.4147
212.18,257.78,37.21,0.12447,0.025866,0.99189,0.0018774,0.55093
213,257.49,41.103,0.16589,0.0013713,0.98614,0.0021415,0.4361
213.5,257.79,45.042,0.063848,-0.043519,0.99701,0.0021558,0.68131
213.5,257.15,48.98,-0.041088,-0.19106,0.98072,0.0022603,0.7428
213.18,256.27,52.85,-0.16367,-0.099251,0.98151,0.0024711,0.5862
212.22,256.36,56.705,-0.23477,0.084189,0.9684,0.0025341,0.53109
211.31,256.94,60.553,-0.25184,0.086354,0.96391,0.0026544,0.44035
210.21,257.05,64.391,-0.27672,0.10022,0.95571,0.0032471,0.41965
209.11,257.74,68.159,-0.15564,0.24653,0.95656,0.0029059,0.46611
208.98,259,71.949,-0.091191,0.3218,0.94241,0.0025403,0.5122
208.38,260.3,75.669,-0.24025,0.11018,0.96444,0.0019216,0.19925
207.14,259.88,79.365,-0.26242,-0.2571,0.93007,0.0021179,0.52506
206.34,258.27,82.933,-0.14344,-0.32866,0.93349,0.0022486,0.36309
206,257.27,86.777,-0.04266,-0.2282,0.97268,0.0020646,0.53068
206,256.45,90.693,-0.00055863,-0.22153,0.97515,0.002187,0.57689
206,255.5,94.575,-0.0083074,-0.24137,0.9704,0.0021311,0.59347
205.93,254.52,98.447,-0.13343,-0.28796,0.9483,0.0020061,0.66103
204.95,253.22,102.08,-0.31874,-0.2102,0.92424,0.001873,0.47721
203.43,252.86,105.71,-0.3321,0.047707,0.94204,0.0018022,0.57138
202.34,253.6,109.48,-0.18186,0.1287,0.97487,0.0020724,0.66303
201.99,253.88,113.44,-0.10314,0.088294,0.99074,0.0020866,0.5723
201.52,254.31,117.38,-0.17569,0.11679,0.97749,0.0019883,0.29466
200.59,254.81,121.23,-0.34232,0.018154,0.93941,0.0022602,0.41522
198.83,254.45,124.78,-0.44079,-0.11312,0.89045,0.0020867,0.2757
197.08,253.91,128.33,-0.39982,-0.077476,0.91331,0.0020243,0.52171
195.64,253.84,132.06,-0.26171,-0.073845,0.96232,0.0021721,0.7081
195,253.33,135.94,-0.081612,-0.18479,0.97938,0.0020698,0.76852
195,252.37,139.81,-0.0278,-0.16463,0.98596,0.0021025,0.60842
194.78,252.02,143.78,-0.15904,0.027479,0.98689,0.0019948,0.55815
193.75,252.58,147.59,-0.29322,0.16415,0.94185,0.0021564,0.63446
192.45,253.33,151.28,-0.23885,0.080155,0.96774,0.001733,0.7025
191.86,253.22,155.23,-0.16106,0.0017718,0.98694,0.0019342,0.68942
191.16,253.34,159.16,-0.18753,-0.017603,0.9821,0.0021635,0.61435
190.37,253.08,163.07,-0.14806,-0.094975,0.98441,0.0025533,0.437
189.98,252.58,167.01,-0.067698,-0.18072,0.9812,0.0026027,0.48359
189.83,251.63,170.89,-0.0032609,-0.19429,0.98094,0.0025906,0.62721
189.95,251.03,174.84,-0.036959,-0.090603,0.9952,0.0028988,0.63375
189.53,250.91,178.81,-0.04051,-0.092283,0.99491,0.0029962,0.62468
189.63,250.3,182.76,-0.01724,-0.12962,0.99141,0.002634,0.53184
189.4,249.88,186.72,-0.043346,-0.15925,0.98629,0.0029034,0.40983
189.29,249.03,190.61,0.03358,-0.18444,0.98227,0.0026014,0.40677
189.66,248.41,194.54,0.18318,-0.041576,0.9822,0.0024434,0.56182
190.73,248.7,198.36,0.2314,0.12339,0.965,0.0020511,0.42227
191.5,249.39,202.19,-0.0070466,0.096867,0.99527,0.0017829,0.74495
190.67,249.45,206.08,-0.18665,-0.12783,0.97407,0.0024163,0.52701
190.03,248.38,209.86,-0.084406,-0.26848,0.95958,0.0023711,0.50972
190,247.31,213.71,-0.0040083,-0.10692,0.99426,0.0019788,0.57143
190,247.53,217.68,-0.052768,0.085359,0.99495,0.0020333,0.64668
189.58,247.99,221.61,-0.20054,0.052302,0.97829,0.002114,0.55125
188.41,247.94,225.43,-0.23723,-0.041844,0.97055,0.0023162,0.30594
187.69,247.66,229.35,-0.22204,0.030432,0.97456,0.002223,0.56983
186.65,248.18,233.16,-0.20991,0.15867,0.96476,0.0022974,0.68441
186.02,248.92,237.03,-0.079206,0.17583,0.98123,0.0021182,0.61673
186.02,249.58,240.97,0.09594,0.16311,0.98193,0.0018714,0.37961
186.78,250.22,244.84,0.22793,0.15839,0.96071,0.0021592,0.51043
187.84,250.84,248.63,0.14668,0.098761,0.98424,0.0019866,0.58317
187.94,251,252.62,-0.0010554,0.019485,0.99981,0.0020911,0.52178
187.83,251,256.61,0.0029015,-0.01031,0.99994,0.0020112,0.60604
187.96,250.92,260.61,0.020558,-0.10146,0.99463,0.0017205,0.78416
187.99,250.19,264.54,-0.042842,-0.20449,0.97793,0.0021078,0.42823
187.62,249.29,268.41,-0.18405,-0.22097,0.95776,0.0022425,0.61091
186.53,248.44,272.15,-0.23357,-0.25266,0.93894,0.0020994,0.50751
185.76,247.28,275.87,-0.074014,-0.27436,0.95878,0.0021781,0.39057
185.95,246.27,279.73,-0.024333,-0.2228,0.97456,0.0022981,0.33404
185.57,245.51,283.63,-0.01301,-0.099544,0.99495,0.0023373,0.46955
185.85,245.48,287.61,0.030123,-0.02086,0.99933,0.002152,0.72812
185.81,245.34,291.59,-0.11977,0.039996,0.992,0.0019083,0.51479
184.9,245.8,295.45,-0.25048,0.082713,0.96458,0.0020523,0.75596
183.81,246,299.29,-0.1929,-0.010526,0.98116,0.0022806,0.60997
183.37,245.72,303.22,0.01113,-0.11499,0.9933,0.0021023,0.58071
183.91,245.09,307.14,0.079235,-0.14374,0.98644,0.0022084,0.53617
184,244.57,311.1,0.011515,-0.13061,0.99137,0.0022243,0.45599
184,244.05,315.06,0,-0.071421,0.99745,0.0019764,0.51136
184,244,319.06,0,-0.019539,0.99981,0.0022329,0.5914
184,243.89,323.05,0,-0.087274,0.99618,0.0017769,0.5121
184,243.3,327.01,0,-0.11122,0.9938,0.0018635,0.44619
184,243,331,0,-0.037962,0.99928,0.001803,0.53627
184,243,335,0.050472,-0.050472,0.99745,0.0019732,0.59533
184.4,242.6,338.94,0.11731,-0.11633,0.98626,0.0020369,0.52176
184.94,242.07,342.87,0.12416,-0.075056,0.98942,0.001922,0.68736
185.39,242,346.84,0.17379,0.028791,0.98436,0.001939,0.72369
186.32,242.3,350.71,0.16961,0.098117,0.98061,0.001885,0.65125
186.74,242.78,354.64,-0.08265,0.086993,0.99277,0.0018485,0.65355
185.67,242.98,358.48,-0.25768,-0.011895,0.96616,0.0018197,0.3151
184.69,242.69,362.33,-0.086429,0.036301,0.9956,0.0017699,0.56129
184.99,243.26,366.24,0.11713,0.16322,0.97961,0.0019229,0.48338
185.62,243.98,370.1,0.084792,0.09743,0.99162,0.0016008,0.70915
185.66,244.03,374.1,0.076271,0.063192,0.99508,0.0017748,0.64516
186.23,244.48,378.02,0.1419,0.0018504,0.98988,0.0019269,0.3057
186.78,244.05,381.93,0.020019,-0.16452,0.98617,0.0015986,0.68136
186.38,243.18,385.81,-0.1074,-0.19834,0.97423,0.0018223,0.49012
185.93,242.46,389.71,-0.13462,-0.14711,0.97992,0.0018943,0.39543
185.31,242.01,393.63,-0.10126,-0.081697,0.9915,0.001963,0.53111
185.12,241.81,397.6,-0.019157,-0.14543,0.98918,0.0018795,0.67725
185.16,240.85,401.48,-0.013267,-0.25646,0.96646,0.0017805,0.44069
