286.15,338.07,17.946,-0.14785,0.12648,0.98089,0.003042,0.58399
285.62,338.94,21.786,-0.136,0.33098,0.93378,0.0032248,0.54783
285.08,340.69,25.336,-0.087081,0.44066,0.89344,0.0036888,0.44311
284.93,342.46,28.919,-0.041383,0.42159,0.90584,0.0037837,0.42691
284.74,344.06,32.578,-0.040108,0.33207,0.9424,0.0036016,0.57499
284.61,345.11,36.432,-0.11131,0.2213,0.96883,0.0036878,0.60223
283.86,345.82,40.275,-0.21457,0.024888,0.97639,0.0038843,0.35701
282.92,345.31,44.101,-0.096325,-0.1571,0.98287,0.0041372,0.23138
283.11,344.58,48.015,0.17012,-0.16032,0.97229,0.002983,0.61055
284.27,344.04,51.797,0.18239,-0.046911,0.98211,0.0028789,0.7004
284.55,344.2,55.702,-0.069246,0.10113,0.99246,0.0024345,0.80214
283.71,344.84,59.553,-0.14133,0.21361,0.96664,0.0022813,0.76606
283.43,345.9,63.373,-0.14131,0.40989,0.90112,0.001847,0.80725
282.6,348.06,66.626,-0.12502,0.5532,0.82362,0.0021572,0.67436
282.43,350.3,69.925,0.034709,0.58156,0.81276,0.0023754,0.57982
282.88,352.69,73.097,0.18134,0.50382,0.84456,0.0030892,0.75748
283.86,354.29,76.601,0.26463,0.2837,0.92167,0.0034401,0.4855
284.97,354.93,80.383,0.19304,0.052085,0.97981,0.0032481,0.53064
285.39,354.7,84.336,0.09351,-0.10619,0.98994,0.0035692,0.44255
285.71,354.08,88.273,0.059172,-0.10481,0.99273,0.0036057,0.48249
285.86,353.86,92.247,-0.045652,-0.10789,0.99311,0.0035357,0.56209
285.35,353.22,96.159,-0.011085,-0.10871,0.99401,0.0032916,0.56322
285.77,353,100.12,0.081767,-0.027954,0.99626,0.0032743,0.5
286,353,104.1,0.0079632,0,0.99997,0.0034502,0.44025
285.83,353,108.1,-0.12483,-0.030368,0.99171,0.0032779,0.55412
285.01,352.76,111.99,-0.20611,-0.10041,0.97336,0.003397,0.43675
284.19,352.2,115.86,-0.15526,-0.046525,0.98678,0.003231,0.37973
283.78,352.39,119.82,-0.18432,0.070324,0.98035,0.003245,0.51394
282.73,352.76,123.63,-0.28566,-0.018126,0.95816,0.0033821,0.56541
281.51,352.24,127.4,-0.21976,-0.052343,0.97415,0.0030127,0.63667
280.99,352.34,131.35,-0.073415,-0.020835,0.99708,0.0029606,0.59809
280.93,352.08,135.34,-0.056991,-0.061021,0.99651,0.0029547,0.70346
280.54,351.85,139.3,-0.1148,-0.10771,0.98753,0.003283,0.52228
280.02,351.22,143.21,-0.067693,-0.10782,0.99186,0.0033147,0.31584
280,351,147.19,-0.027373,-0.082285,0.99623,0.0033272,0.31063
279.8,350.56,151.16,-0.087899,-0.12247,0.98857,0.003281,0.41807
279.29,350.02,155.09,-0.19032,-0.057829,0.98002,0.003478,0.33797
278.28,350.1,158.95,-0.25357,0.040448,0.96647,0.0037976,0.27056
277.27,350.34,162.8,-0.29608,0.013626,0.95507,0.0038799,0.3412
275.92,350.21,166.56,-0.32348,0.047391,0.94505,0.0040607,0.55314
274.7,350.72,170.32,-0.18112,0.2179,0.95902,0.0035267,0.55945
274.5,351.93,174.12,-0.037782,0.27308,0.96125,0.0032692,0.55207
274.39,352.89,177.99,-0.085589,0.18736,0.97856,0.0030158,0.3981
273.82,353.42,181.91,-0.13143,0.20083,0.97077,0.0031889,0.28326
273.35,354.5,185.73,-0.17376,0.22044,0.9598,0.0031987,0.42339
272.43,355.17,189.56,-0.28412,0.14492,0.94777,0.0033228,0.45533
271.08,355.65,193.28,-0.34783,0.026784,0.93717,0.0034167,0.56445
269.67,355.39,197.01,-0.32551,-0.074199,0.94262,0.0035168,0.537
268.48,355.06,200.81,-0.20884,-0.13733,0.96826,0.0036167,0.42585
268.01,354.3,204.7,-0.060546,-0.13314,0.98925,0.0036642,0.34593
268,354,208.68,-0.00075143,-0.037036,0.99931,0.0032963,0.44954
268,354,212.68,0,0.044712,0.999,0.0033007,0.51175
268,354.36,216.66,-0.0088916,0.11865,0.9929,0.0030879,0.56133
267.93,354.95,220.61,-0.093637,0.089143,0.99161,0.0030365,0.59852
267.26,355.07,224.55,-0.19861,0.069616,0.9776,0.0030195,0.51062
266.34,355.5,228.41,-0.1575,0.12228,0.97992,0.003177,0.49057
266,356.04,232.35,-0.059202,0.2159,0.97462,0.0033202,0.3878
265.87,357.22,236.17,-0.12794,0.24432,0.96122,0.0036247,0.47154
264.99,357.98,239.97,-0.28353,0.15288,0.9467,0.0034884,0.41788
263.62,358.44,243.69,-0.27952,0.19027,0.9411,0.0035804,0.48369
262.77,359.49,247.45,-0.19314,0.20156,0.96024,0.0035955,0.53282
262.08,360.04,251.35,-0.11662,0.14344,0.98276,0.0033913,0.61699
261.84,360.63,255.28,0.024539,0.15489,0.98763,0.0033993,0.69115
262.28,361.28,259.2,0.079531,0.10885,0.99087,0.0032204,0.75598
262.47,361.5,263.18,-0.0080832,0.013374,0.99988,0.0033668,0.61455
262.21,361.38,267.16,-0.060957,-0.037242,0.99745,0.0034055,0.62477
261.99,361.2,271.15,-0.061413,-0.062739,0.99614,0.0032881,0.646
261.72,360.88,275.13,-0.082526,-0.10748,0.99078,0.0034903,0.55364
261.33,360.35,279.05,-0.18029,-0.01841,0.98344,0.0037128,0.46108
260.29,360.74,282.89,-0.11855,0.082676,0.9895,0.0034691,0.59406
260.39,361,286.84,0.026298,0.091335,0.99547,0.0033758,0.63072
260.5,361.46,290.77,-0.10518,0.18374,0.97733,0.0032107,0.60325
259.55,362.45,294.51,-0.18898,0.15323,0.96995,0.0032886,0.6754
259,362.67,298.47,-0.20205,0.085753,0.97561,0.003191,0.57657
257.94,363.13,302.29,-0.28614,0.13314,0.94889,0.0033414,0.48229
256.72,363.74,306.04,-0.31645,0.049942,0.94729,0.00338,0.54433
255.43,363.53,309.81,-0.24438,-0.087425,0.96573,0.0032998,0.46966
254.78,363.04,313.72,-0.22289,-0.066338,0.97258,0.0032127,0.37174
253.66,363,317.55,-0.24051,-0.0050319,0.97063,0.0032067,0.27122
252.86,363,321.47,-0.21419,0,0.97679,0.0032696,0.38418
251.95,363,325.36,-0.23896,0.016911,0.97088,0.0034038,0.15351
250.95,363.14,329.22,-0.21525,0.096527,0.97178,0.0032732,0.49384
250.23,363.77,333.11,-0.10476,0.11195,0.98818,0.0031572,0.54044
250.11,364.03,337.08,0.065413,0.10234,0.9926,0.0032544,0.40798
250.75,364.58,340.98,0.11096,0.12189,0.98632,0.0033223,0.34145
251,365,344.94,-0.018536,0.10209,0.9946,0.0032428,0.53416
250.6,365.4,348.89,-0.072742,0.070734,0.99484,0.0034103,0.45203
250.42,365.56,352.85,0.043571,-0.11971,0.99185,0.0035581,0.34161
250.95,364.45,356.65,0.034041,-0.31593,0.94817,0.0033918,0.37753
250.69,363.05,360.37,-0.10675,-0.30949,0.94489,0.0037081,0.40448
250.1,361.98,364.18,-0.054369,-0.25505,0.9654,0.0036159,0.5297
250.26,361.03,368.05,-0.00039997,-0.28276,0.95919,0.0038711,0.51029
250.1,359.73,371.82,-0.14203,-0.3248,0.93506,0.004083,0.39363
249.13,358.45,375.48,-0.23244,-0.29195,0.92776,0.0045756,0.18908
248.24,357.4,379.23,-0.24106,-0.17937,0.95379,0.0046947,0.32692
247.21,357.02,383.07,-0.21625,-0.032381,0.9758,0.0045848,0.4497
246.52,357.14,387,-0.057569,0.015566,0.99822,0.0045602,0.49408
246.75,357.14,390.98,0.060512,-0.017736,0.99801,0.0040307,0.44987
247,357,394.97,-0.021669,-0.017863,0.99961,0.003865,0.45619
246.58,357,398.94,-0.14323,2.1312e-14,0.98969,0.0039394,0.3266
