136.6,209.68,11.876,0.21747,-0.18585,0.95821,0.0020648,0.56048
137.52,208.75,15.65,0.21702,-0.19005,0.95749,0.0018034,0.53484
138.33,208.16,19.513,0.22747,-0.12648,0.96554,0.0019975,0.6994
139.34,207.74,23.358,0.22757,-0.11672,0.96674,0.0018853,0.63003
140.15,207.23,27.239,0.28313,-0.081217,0.95564,0.001945,0.75498
141.58,207.09,30.957,0.40664,-0.044088,0.91252,0.0023925,0.73717
143.39,206.88,34.515,0.46935,-0.01398,0.8829,0.0024672,0.67162
145.33,206.98,38.003,0.50551,0.011102,0.86275,0.0024243,0.61216
147.43,206.97,41.405,0.49403,-0.052638,0.86785,0.0023004,0.56929
149.27,206.56,44.928,0.35974,-0.11699,0.92569,0.0024335,0.31329
150.29,206.04,48.741,0.16955,-0.11621,0.97865,0.0025934,0.56006
150.62,205.64,52.691,0.21284,-0.076149,0.97411,0.0022295,0.45862
151.96,205.44,56.427,0.29257,0.11572,0.94922,0.0022141,0.71075
152.91,206.55,60.136,0.18125,0.27083,0.94541,0.0024694,0.69306
153.41,207.6,63.958,0.17982,0.20537,0.96202,0.0023698,0.55508
154.34,208.18,67.791,0.22896,0.12188,0.96578,0.0020775,0.5139
155.23,208.57,71.668,0.13913,0.10163,0.98505,0.0020726,0.57898
155.45,208.99,75.633,0.087104,0.030482,0.99573,0.0022126,0.2005
155.93,208.81,79.59,0.001098,-0.12458,0.99221,0.0022123,0.38869
155.46,208.01,83.461,-0.051203,-0.20399,0.97763,0.0022712,0.63881
155.52,207.2,87.329,0.14344,-0.13415,0.98052,0.0022903,0.60366
156.6,206.96,91.167,0.18703,-0.15211,0.97051,0.002382,0.46622
157,206,95.006,0.050653,-0.24258,0.96881,0.0027814,0.46205
157,205.03,98.873,-0.011474,-0.15797,0.98738,0.0024512,0.50594
156.91,204.74,102.86,-0.088678,-0.14945,0.98478,0.0028937,0.54322
156.3,203.85,106.7,-0.11441,-0.13755,0.98386,0.0026237,0.66441
156,203.65,110.65,-0.052162,0.094991,0.99411,0.0023662,0.7214
155.89,204.6,114.52,-0.019712,0.085044,0.99618,0.0023221,0.61527
155.84,204.32,118.49,0.020876,-0.13595,0.9905,0.0021938,0.65448
156.05,203.52,122.4,0.099424,-0.20007,0.97472,0.0019404,0.70812
156.64,202.72,126.28,0.17362,-0.17837,0.96853,0.0018948,0.56188
157.44,202.09,130.14,0.22036,-0.1038,0.96988,0.0020936,0.48626
158.4,201.89,134.02,0.23976,-0.1049,0.96515,0.0024834,0.51846
159.35,201.25,137.85,0.19522,-0.17931,0.96423,0.0023939,0.38139
159.96,200.46,141.72,0.080973,-0.15665,0.98433,0.0022767,0.51889
160,200.01,145.68,0.0054769,-0.058049,0.9983,0.0019813,0.25472
160,200,149.68,0.024588,0.043817,0.99874,0.0020652,0.40735
160.2,200.35,153.65,0.10443,0.11822,0.98748,0.0025978,0.46135
160.83,200.94,157.55,0.14255,0.080883,0.98648,0.0024,0.45591
161.33,201,161.52,0.14514,0.014488,0.98931,0.0020945,0.51675
161.99,201.06,165.46,0.17153,0.043706,0.98421,0.0020355,0.48165
162.7,201.35,169.38,0.22149,0.060047,0.97331,0.0023418,0.53162
163.76,201.54,173.24,0.25814,0.082481,0.96258,0.0025753,0.39913
164.77,202.01,177.07,0.15826,0.13219,0.97851,0.0022135,0.38741
165.02,202.59,181.02,0.10179,0.12425,0.98702,0.0026444,0.12835
165.58,203,184.95,0.1246,0.10105,0.98705,0.0025284,0.66057
166.02,203.4,188.89,0.12229,0.1209,0.9851,0.0022299,0.30106
166.55,203.96,192.81,0.17021,0.10138,0.98018,0.0020719,0.51546
167.37,204.2,196.71,0.2417,0.10705,0.96443,0.0019937,0.44044
168.48,204.82,200.5,0.29331,0.099678,0.95081,0.002017,0.62261
169.71,205,204.3,0.27059,0.0067951,0.96267,0.0017478,0.73131
170.64,204.87,208.18,0.16742,-0.07547,0.98299,0.0032187,0.49713
171.05,204.4,212.11,0.24491,-0.05275,0.96811,0.0032972,0.47626
172.57,204.46,215.79,0.31241,0.0029216,0.94994,0.0027869,0.6003
173.53,204.42,219.66,0.17969,-0.099269,0.9787,0.0022774,0.50669
173.99,203.67,223.56,0.051464,-0.17096,0.98393,0.0019691,0.58212
173.94,203.06,227.51,-0.079192,-0.083439,0.99336,0.0024255,0.66893
173.36,203.01,231.46,-0.14204,0.039503,0.98907,0.0022669,0.67187
172.8,203.38,235.4,-0.14419,0.16617,0.9755,0.0022269,0.51875
172.21,204.33,239.23,-0.065524,0.14303,0.98755,0.0023924,0.15589
172.28,204.51,243.19,0.14233,-0.020913,0.9896,0.002609,0.47911
173.34,204.16,247.03,0.28357,0.0053675,0.95894,0.0025028,0.44756
174.54,204.55,250.82,0.29572,0.1039,0.94961,0.0025028,0.61569
175.7,204.99,254.61,0.32032,0.093692,0.94267,0.0024805,0.64467
177.09,205.3,258.34,0.27794,0.11578,0.95359,0.0020805,0.62693
177.91,205.91,262.2,0.098399,0.12243,0.98759,0.0021712,0.57648
177.87,206.27,266.17,-0.052109,0.1186,0.99157,0.0021597,0.69764
177.5,206.86,270.1,-0.046189,0.091209,0.99476,0.0022642,0.69867
177.5,207,274.1,-0.050133,0.017817,0.99858,0.0020388,0.69389
177.1,207,278.07,-0.063217,0.052862,0.9966,0.0019658,0.68399
177,207.42,282.04,0.041572,0.12257,0.99159,0.0022619,0.6779
177.43,207.98,285.97,0.19101,0.073056,0.97887,0.0022667,0.58547
178.52,208,289.82,0.22257,0.00092796,0.97492,0.0025613,0.32134
179.21,207.98,293.76,0.20939,-0.043774,0.97685,0.0021643,0.29568
180.19,207.65,297.61,0.21768,-0.045115,0.97498,0.0023383,0.62391
180.94,207.62,301.52,0.10239,0.042496,0.99384,0.0025583,0.68287
181,207.99,305.5,0.015121,0.073988,0.99714,0.0024957,0.61398
181.06,208.22,309.49,0.082154,0.097194,0.99187,0.0024451,0.66393
181.65,208.76,313.41,0.12448,0.043819,0.99125,0.0025685,0.53796
182.05,208.57,317.37,0.12851,-0.072534,0.98905,0.0027315,0.61254
182.68,208.19,321.29,0.21089,-0.090557,0.97331,0.0024267,0.45446
183.73,207.84,325.13,0.33035,-0.063362,0.94173,0.002499,0.56851
185.31,207.68,328.79,0.38722,0.012919,0.9219,0.0029344,0.55557
186.82,207.95,332.48,0.33024,0.039239,0.94308,0.0026474,0.4567
187.94,207.99,336.32,0.31666,-0.01747,0.94838,0.002524,0.41836
189.35,207.81,340.06,0.3506,-0.032593,0.93596,0.0027908,0.48364
190.75,207.73,343.8,0.36472,0.016346,0.93097,0.0027065,0.57279
192.26,207.94,347.49,0.30394,0.0084926,0.95265,0.0023239,0.72169
193.17,207.8,351.38,0.21779,-0.09107,0.97174,0.0020157,0.75159
194,207.21,355.24,0.22312,-0.10027,0.96962,0.0021553,0.54538
194.95,207,359.12,0.23991,-0.026388,0.97044,0.0020742,0.69752
195.92,207,362.99,0.21769,0.012031,0.97594,0.0020026,0.51497
196.69,207.1,366.91,0.3083,0.044406,0.95025,0.0022196,0.37978
198.36,207.35,370.53,0.47484,0.054764,0.87837,0.0018615,0.54263
200.47,207.53,373.92,0.65539,0.13983,0.74224,0.001969,0.6431
