155,178.87,20.877,-7.1076e-15,-0.092471,0.99572,0.0027679,0.42739
155,178.38,24.845,-0.027458,-0.10815,0.99376,0.0029191,0.50902
154.78,178,28.812,-0.10775,-0.091677,0.98994,0.0028604,0.55764
154.14,177.65,32.738,-0.098077,-0.027513,0.9948,0.0027201,0.48386
154,177.78,36.7,-0.040626,0.14839,0.98809,0.0021658,0.77863
153.82,178.82,40.548,-0.10286,0.20077,0.97422,0.0020955,0.77276
153.18,179.38,44.453,-0.1056,0.22211,0.96929,0.0021546,0.88787
152.98,180.59,48.254,-0.044915,0.25158,0.96679,0.0022022,0.89238
152.82,181.38,52.157,-0.04681,0.22389,0.97349,0.0021111,0.86105
152.61,182.37,56.007,-0.012611,0.36247,0.93191,0.0022045,0.85359
152.72,184.26,59.528,-0.0057827,0.27249,0.96214,0.0018242,0.80671
152.57,184.51,63.453,-0.02667,0.057873,0.99797,0.0020736,0.58552
152.51,184.71,67.412,0.008289,0.21335,0.97694,0.0020691,0.66656
152.63,186.19,71.121,-0.048783,0.38609,0.92117,0.0020265,0.72068
152.13,187.78,74.735,-0.28698,0.26787,0.91972,0.0020002,0.78456
150.4,188.28,78.283,-0.45408,0.075911,0.88772,0.0021484,0.6791
148.51,188.38,81.799,-0.45778,0.081119,0.88536,0.0022793,0.55885
146.75,188.93,85.345,-0.43377,0.077177,0.89771,0.0020089,0.61279
145.05,189,88.965,-0.37446,0.0093473,0.92719,0.0019705,0.54927
143.76,189,92.748,-0.32629,0.0079617,0.94524,0.0019752,0.62781
142.44,189.06,96.524,-0.24968,0.12039,0.96081,0.0019352,0.77888
141.78,189.94,100.33,-0.16829,0.23209,0.95802,0.0022167,0.68837
141.11,190.91,104.13,-0.23919,0.16309,0.95718,0.0020945,0.5067
139.88,191.23,107.93,-0.27526,0.099411,0.95622,0.0020746,0.53245
138.91,191.7,111.77,-0.30504,0.063634,0.95021,0.0018728,0.45177
137.45,191.74,115.49,-0.38982,0.10708,0.91464,0.0020866,0.67398
135.82,192.55,119.03,-0.34869,0.31589,0.8824,0.002196,0.48816
134.7,194.24,122.46,-0.08658,0.24888,0.96466,0.0026207,0.43447
135.12,194.47,126.33,0.16385,-0.10184,0.98121,0.0026574,0.65224
135.98,193.42,130.07,0.11095,-0.18607,0.97625,0.0024993,0.58272
136,193,134.04,-0.00060907,-0.052734,0.99861,0.0020579,0.77115
135.98,193,138.04,-0.073519,0,0.99729,0.0017487,0.78519
135.41,193,142,-0.18331,-0.016947,0.98291,0.002089,0.61205
134.51,192.86,145.89,-0.21507,-0.065671,0.97439,0.002172,0.59561
133.7,192.48,149.77,-0.11653,-0.10354,0.98778,0.0017918,0.70601
133.59,192.04,153.75,-0.10668,-0.059887,0.99249,0.0018688,0.63962
132.85,192,157.67,-0.1788,0.038065,0.98315,0.0018167,0.62861
132.16,192.34,161.59,-0.11595,0.11673,0.98637,0.0022386,0.50245
131.92,192.93,165.53,-0.18101,0.041249,0.98262,0.0020803,0.50878
130.74,192.67,169.32,-0.36374,-0.041433,0.93058,0.0023681,0.58966
129.03,192.6,172.93,-0.41266,0.027432,0.91047,0.0021143,0.50628
127.45,192.89,176.59,-0.42441,0.050163,0.90408,0.0026836,0.64062
125.64,193,180.15,-0.50524,0.053857,0.86129,0.0026453,0.60916
123.42,193.32,183.46,-0.53727,0.11093,0.83608,0.0024226,0.61302
121.35,193.89,186.82,-0.41147,0.1504,0.89893,0.0020488,0.67476
120.16,194.51,190.58,-0.18491,0.16113,0.96946,0.0018598,0.65797
119.89,195.16,194.5,-0.020061,0.16356,0.98633,0.001768,0.6591
120,195.82,198.45,0.014058,0.12509,0.99205,0.0017023,0.57946
120,196.16,202.43,0,0.12387,0.9923,0.0020226,0.49662
120,196.81,206.38,-0.012134,0.12384,0.99223,0.0022018,0.45603
119.9,197.15,210.36,0.07203,0.12365,0.98971,0.0021955,0.50569
120.57,197.79,214.22,0.19534,0.10684,0.9749,0.0023701,0.38692
121.45,198,218.08,0.071678,0.032763,0.99689,0.0021275,0.44367
121.12,198.04,222.07,0.017408,0.043031,0.99892,0.0017529,0.38198
121.59,198.34,226.02,0.16243,0.0066558,0.9867,0.00199,0.40898
122.42,198.1,229.92,0.23665,-0.11979,0.96418,0.0020089,0.44702
123.48,197.39,233.7,0.13569,-0.24454,0.9601,0.0025684,0.50165
123.49,196.17,237.49,-0.063108,-0.27538,0.95926,0.0024683,0.55351
122.97,195.2,241.33,-0.096028,-0.16529,0.98156,0.0023607,0.56615
122.73,194.85,245.3,-0.066096,-0.13997,0.98795,0.0020753,0.48221
122.45,194.08,249.21,-0.067178,-0.2034,0.97679,0.0021786,0.42573
122.19,193.23,253.09,0.097906,-0.1257,0.98723,0.0022144,0.56267
123.21,193.1,256.93,0.2008,0.062069,0.97766,0.0027964,0.51086
123.78,193.73,260.84,0.10442,0.085998,0.99081,0.0022339,0.64828
124.04,193.78,264.79,0.10337,-0.10974,0.98857,0.0020184,0.76698
124.6,192.85,268.64,0.00059672,-0.20918,0.97788,0.0023113,0.55788
124.05,192.13,272.5,-0.23446,-0.10858,0.96604,0.0024372,0.37071
122.74,192,276.28,-0.31171,-0.016748,0.95003,0.0025699,0.63974
121.56,192,280.1,-0.28629,0,0.95814,0.002371,0.50669
120.45,192,283.94,-0.19547,0,0.98071,0.0025176,0.43688
120,192,287.91,-0.068074,-0.049325,0.99646,0.0024856,0.52123
119.91,191.61,291.88,-0.091161,-0.14625,0.98504,0.0022942,0.4449
119.28,190.83,295.75,-0.20148,-0.18776,0.96133,0.002049,0.25872
118.3,190.11,299.56,-0.28231,-0.18766,0.94079,0.0021758,0.47706
117.02,189.34,303.26,-0.26019,-0.22609,0.93871,0.0021793,0.38294
116.22,188.31,307.04,-0.12818,-0.26811,0.95482,0.0019555,0.5905
116,187.2,310.87,-0.029589,-0.30391,0.95224,0.0020543,0.65987
115.99,185.88,314.64,-0.03809,-0.39377,0.91842,0.0022382,0.72233
115.7,184.06,318.19,-0.12845,-0.45539,0.88098,0.0020739,0.67684
114.96,182.24,321.67,-0.219,-0.42678,0.87744,0.0020338,0.59294
113.95,180.65,325.2,-0.27653,-0.36959,0.8871,0.0019959,0.48204
112.75,179.29,328.76,-0.24356,-0.33025,0.91193,0.0018682,0.64411
112,178.02,332.47,-0.1523,-0.28025,0.94777,0.0015484,0.71952
111.54,177.05,336.33,-0.044868,-0.21227,0.97618,0.0016524,0.66673
111.65,176.33,340.25,0.058043,-0.20811,0.97638,0.0018298,0.63985
112,175.39,344.12,0.030849,-0.21161,0.97687,0.0021374,0.42322
111.89,174.64,348.04,-0.11617,-0.24976,0.96131,0.0019635,0.22927
111.08,173.41,351.75,-0.21683,-0.24711,0.94442,0.0020121,0.45617
110.17,172.67,355.55,-0.14207,-0.089539,0.9858,0.0019097,0.61388
109.96,172.71,359.54,-0.060695,0.019684,0.99796,0.0017843,0.19351
109.68,172.83,363.52,0.063554,0.075154,0.99514,0.0021186,0.62801
110.45,173.3,367.38,0.21104,0.13196,0.96853,0.0023021,0.54473
111.36,173.88,371.2,0.11224,0.012038,0.99361,0.0019476,0.74984
111.33,173.39,375.16,-0.10702,-0.11055,0.98809,0.0019759,0.75303
110.51,173,379.04,-0.16659,-0.04869,0.98482,0.0019507,0.6726
110,173,382.99,-0.051367,-0.012578,0.9986,0.0020109,0.72717
110.1,172.9,386.98,0.082367,-0.082391,0.99319,0.0020216,0.65357
110.66,172.34,390.9,0.14018,-0.14018,0.98015,0.0022211,0.51252
111.22,171.78,394.82,0.17455,-0.1495,0.97323,0.0020384,0.55401
112.05,171.15,398.68,0.24646,-0.14457,0.95831,0.0019646,0.35821
