164.17,24.175,14.781,0.23868,-0.33154,0.91275,0.0030484,0.44749
164.87,23.411,18.539,0.010203,0.0083624,0.99991,0.0025216,0.66162
164.22,24.273,22.372,-0.14393,0.13657,0.98012,0.0022744,0.70589
163.73,24.495,26.313,-0.026393,0.058685,0.99793,0.0018881,0.68207
164.02,24.739,30.288,0.092643,0.063272,0.99369,0.0019307,0.67672
164.47,25,34.247,0.12538,0.033229,0.99155,0.0019366,0.52953
165.02,25.004,38.208,0.1039,0.055894,0.99302,0.0020542,0.63252
165.3,25.445,42.167,0.090778,0.1641,0.98226,0.0022528,0.64568
165.74,26.314,46.044,0.091182,0.18256,0.97896,0.0021794,0.75906
166.03,26.904,49.988,0.077285,0.11574,0.99027,0.0020158,0.68383
166.36,27.239,53.956,0.082235,0.12231,0.98908,0.0021936,0.62259
166.68,27.881,57.889,0.080009,0.095372,0.99222,0.0022137,0.66731
167,28,61.87,0.039601,0.035549,0.99858,0.0019793,0.5544
167,28.165,65.866,0.01181,0.011417,0.99987,0.0021069,0.33227
167.09,28.091,69.861,0.090618,-0.0097744,0.99584,0.0019843,0.3285
167.72,28.087,73.804,0.12248,0.087629,0.98859,0.0021454,0.2338
168.07,28.788,77.721,0.057664,0.22292,0.97313,0.0022071,0.38308
168.18,29.866,81.569,0.054411,0.25395,0.96568,0.002584,0.4644
168.5,30.816,85.432,0.10244,0.14274,0.98445,0.0027302,0.43139
169,31,89.389,0.079118,0.063481,0.99484,0.0023829,0.53259
169.13,31.322,93.362,-0.040812,0.16926,0.98473,0.0028009,0.40655
168.67,32.344,97.199,-0.065934,0.28942,0.95493,0.0022274,0.45648
168.6,33.628,100.97,0.1111,0.30911,0.94452,0.0023807,0.64977
169.55,34.789,104.67,0.30969,0.14621,0.93953,0.0020636,0.61141
171.04,34.779,108.37,0.29814,-0.043769,0.95352,0.0016007,0.80117
171.92,34.442,112.24,0.10541,0.016786,0.99429,0.0018993,0.76127
171.87,34.911,116.19,-0.098177,0.16304,0.98172,0.0017011,0.76933
171.14,35.737,120.02,-0.25725,0.11371,0.95963,0.0016995,0.74697
169.83,35.812,123.8,-0.30479,-0.039218,0.95161,0.0019566,0.6103
168.71,35.424,127.61,-0.12622,-0.16561,0.97808,0.0019389,0.63694
168.83,34.516,131.47,0.14242,-0.17396,0.9744,0.0022548,0.55659
169.83,34.053,135.3,0.27698,-0.043337,0.9599,0.0021644,0.52645
171.04,34.172,139.11,0.2991,0.015959,0.95409,0.002523,0.37169
172.23,34.181,142.93,0.3348,0.062635,0.94021,0.0022846,0.40661
173.7,34.67,146.6,0.30045,0.062395,0.95176,0.0026515,0.39449
174.6,34.679,150.43,0.055484,0.0046449,0.99845,0.0026253,0.38679
174.12,34.706,154.37,0.026939,0.14924,0.98843,0.0020694,0.3674
174.82,35.844,158.13,0.18083,0.27772,0.94349,0.0019999,0.46134
175.57,36.922,161.9,0.070049,0.26432,0.96189,0.0020822,0.58243
175.37,37.941,165.75,-0.013403,0.232,0.97262,0.0021411,0.61922
175.46,38.773,169.66,-0.0062626,0.21636,0.97629,0.00247,0.61566
175.32,39.667,173.54,-0.01553,0.090089,0.99581,0.0020568,0.527
175.34,39.489,177.51,0.048094,-0.14833,0.98777,0.0024657,0.5932
175.71,38.487,181.36,0.15618,-0.25614,0.95394,0.002529,0.64963
176.58,37.446,185.11,0.12105,-0.079995,0.98942,0.0023779,0.50365
176.66,37.851,189.04,-0.028867,0.1777,0.98366,0.0022013,0.5518
176.35,38.859,192.89,0.038006,0.19321,0.98042,0.0021068,0.56766
176.96,39.381,196.81,0.14941,0.16212,0.97539,0.0023411,0.62056
177.54,40.153,200.68,0.11871,0.19113,0.97436,0.0024972,0.19207
177.9,40.908,204.59,0.078742,0.19731,0.97717,0.002602,0.53392
178.17,41.73,208.49,0.02055,0.23658,0.97139,0.0026931,0.65237
178.07,42.796,212.34,0.03317,0.28936,0.95665,0.0023828,0.53811
178.43,44.037,216.12,0.083807,0.26363,0.96098,0.0025986,0.44176
178.74,44.895,219.99,-0.039919,0.15184,0.9876,0.0023184,0.49774
178.11,45.234,223.92,-0.092297,0.13446,0.98661,0.0023272,0.48521
178,45.967,227.85,-0.040017,0.21213,0.97642,0.002182,0.54947
177.79,46.928,231.72,-0.10328,0.29303,0.95051,0.0024899,0.23677
177.18,48.302,235.42,-0.1515,0.29909,0.94212,0.0023365,0.43702
176.58,49.317,239.25,-0.072844,0.33218,0.9404,0.0025479,0.33323
176.6,50.933,242.88,0.05056,0.42999,0.90142,0.0031091,0.33665
176.99,52.741,246.42,0.086305,0.37555,0.92278,0.0027318,0.66415
177.28,53.922,250.22,0.11157,0.25431,0.96067,0.002817,0.5888
177.88,54.768,254.08,0.068478,0.18801,0.97978,0.0024563,0.64783
177.83,55.419,258.03,0.023871,0.2005,0.9794,0.002317,0.41943
178.07,56.368,261.9,0.15396,0.23737,0.95914,0.0026627,0.54722
179.05,57.306,265.65,0.24165,0.1978,0.94999,0.0029414,0.40004
180,57.946,269.48,0.20529,0.14593,0.96776,0.0028864,0.20968
180.69,58.471,273.38,0.21632,0.1261,0.96814,0.0030201,0.51369
181.72,58.953,277.21,0.24372,0.066264,0.96758,0.0029518,0.5833
182.63,59,281.1,0.079388,0.0059324,0.99683,0.0030189,0.53432
182.35,59,285.08,0.036759,0.013118,0.99924,0.0022995,0.32847
182.92,59.104,289.02,0.09674,0.12289,0.98769,0.0022734,0.40369
183.12,59.974,292.91,0.0095787,0.22143,0.97513,0.0022076,0.42474
183,60.87,296.8,-0.014649,0.18547,0.98254,0.0018846,0.41991
183,61.454,300.75,0.0010621,0.21562,0.97648,0.0020851,0.56153
183.01,62.589,304.59,0.020651,0.19374,0.98084,0.0020829,0.66493
183.16,62.997,308.55,0.020968,0.043362,0.99884,0.0022548,0.59883
183.18,62.934,312.55,0.063191,-0.075855,0.99511,0.0023806,0.60742
183.67,62.393,316.47,0.10393,-0.034337,0.99399,0.0023131,0.61289
184,62.659,320.43,0.04304,0.12092,0.99173,0.0020613,0.64118
184.01,63.358,324.37,0.055733,0.23773,0.96973,0.0021217,0.75143
184.44,64.552,328.15,0.1876,0.19898,0.96188,0.0022674,0.67379
185.48,64.934,331.94,0.29059,-0.029992,0.95638,0.0027092,0.6416
186.74,64.302,335.69,0.28138,-0.050207,0.95828,0.0027749,0.69339
187.71,64.532,339.54,0.22665,0.085959,0.97018,0.002742,0.51311
188.54,64.988,343.42,0.23921,0.053356,0.9695,0.002712,0.45924
189.62,64.958,347.27,0.18412,-0.076646,0.97991,0.0023781,0.64801
190,64.381,351.2,0.12019,-0.14536,0.98205,0.0025871,0.56046
190.58,63.799,355.1,0.22473,-0.11215,0.96795,0.0022472,0.69378
191.79,63.49,358.89,0.20949,-0.0016204,0.97781,0.0020648,0.73744
192.24,63.784,362.84,0.1341,-0.063101,0.98896,0.0025892,0.31639
192.85,62.996,366.69,0.19534,-0.20622,0.95881,0.0026091,0.57696
193.79,62.142,370.47,0.2615,-0.13775,0.95533,0.0025611,0.60086
194.93,61.899,374.3,0.26524,-0.038365,0.96342,0.0030668,0.54879
195.91,61.836,378.16,0.13495,0.012621,0.99077,0.0029832,0.43075
196,62,382.16,0.044891,0.020545,0.99878,0.0025617,0.55567
196.27,62,386.14,0.1272,-0.00017302,0.99188,0.0024528,0.59477
197.02,61.999,390.07,0.18801,-0.051242,0.98083,0.0024041,0.5853
197.77,61.592,393.97,0.19127,-0.12092,0.97406,0.0028415,0.40358
198.54,61.033,397.85,0.078635,-0.093836,0.99248,0.0023561,0.32468
